1458.00 2095.00
1459.00 2094.00
1460.00 2098.00
1464.00 2097.00
1468.00 2097.00
1465.00 2098.00
1468.00 2099.00
1469.00 2100.00
1472.00 2103.00
1472.00 2094.00
1470.00 2102.00
1475.00 2103.00
1470.00 2099.00
1462.00 2088.00
1449.00 2076.00
1442.00 2070.00
1437.00 2066.00
1434.00 2070.00
1434.00 2072.00
1434.00 2078.00
1440.00 2076.00
1440.00 2081.00
1445.00 2081.00
1447.00 2083.00
1445.00 2079.00
1442.00 2078.00
1443.00 2071.00
1438.00 2071.00
1442.00 2074.00
1440.00 2071.00
1439.00 2078.00
1442.00 2076.00
1442.00 2077.00
1445.00 2081.00
1441.00 2079.00
1446.00 2079.00
1445.00 2085.00
1449.00 2080.00
1447.00 2079.00
1443.00 2079.00
1435.00 2068.00
1424.00 2058.00
1416.00 2050.00
1414.00 2050.00
1414.00 2054.00
1417.00 2055.00
1423.00 2057.00
1423.00 2059.00
1428.00 2058.00
1431.00 2058.00
1426.00 2061.00
1426.00 2059.00
1427.00 2061.00
1425.00 2054.00
1424.00 2051.00
1426.00 2061.00
1427.00 2054.00
1429.00 2059.00
1428.00 2061.00
1430.00 2069.00
1433.00 2066.00
1437.00 2065.00
1439.00 2076.00
1440.00 2072.00
1442.00 2068.00
1441.00 2064.00
1440.00 2056.00
1426.00 2050.00
1417.00 2041.00
1407.00 2037.00
1406.00 2035.00
1405.00 2039.00
1411.00 2044.00
1413.00 2039.00
1416.00 2047.00
1420.00 2050.00
1423.00 2050.00
1424.00 2052.00
1423.00 2049.00
1422.00 2049.00
1419.00 2046.00
1420.00 2049.00
1422.00 2047.00
1421.00 2048.00
1421.00 2054.00
1426.00 2049.00
1425.00 2056.00
1431.00 2058.00
1433.00 2061.00
1430.00 2061.00
1429.00 2057.00
1432.00 2063.00
1437.00 2064.00
1436.00 2063.00
1435.00 2060.00
1422.00 2054.00
1414.00 2043.00
1402.00 2031.00
1396.00 2034.00
1399.00 2033.00
1403.00 2033.00
1402.00 2040.00
1409.00 2045.00
1415.00 2047.00
1411.00 2046.00
1414.00 2046.00
1418.00 2043.00
1410.00 2042.00
1413.00 2040.00
1412.00 2043.00
1411.00 2036.00
1414.00 2044.00
1417.00 2044.00
1414.00 2044.00
1416.00 2047.00
1418.00 2046.00
1423.00 2051.00
1421.00 2048.00
1423.00 2047.00
1423.00 2046.00
1423.00 2052.00
1426.00 2054.00
1428.00 2059.00
1426.00 2055.00
1426.00 2045.00
1419.00 2039.00
1405.00 2027.00
1394.00 2022.00
1388.00 2021.00
1388.00 2028.00
1392.00 2029.00
1399.00 2034.00
1401.00 2038.00
1408.00 2042.00
1410.00 2040.00
1409.00 2041.00
1411.00 2041.00
1408.00 2035.00
1402.00 2037.00
1405.00 2033.00
1404.00 2041.00
1407.00 2038.00
1407.00 2042.00
1409.00 2041.00
1411.00 2041.00
1413.00 2042.00
1413.00 2047.00
1417.00 2051.00
1414.00 2046.00
1419.00 2048.00
1421.00 2049.00
1420.00 2046.00
1420.00 2051.00
1423.00 2046.00
1422.00 2043.00
1408.00 2035.00
1398.00 2027.00
1390.00 2020.00
1388.00 2020.00
1387.00 2022.00
1388.00 2026.00
1390.00 2031.00
1398.00 2036.00
1399.00 2037.00
1402.00 2040.00
1402.00 2036.00
1400.00 2039.00
1401.00 2039.00
1402.00 2035.00
1399.00 2032.00
1398.00 2037.00
1397.00 2037.00
1399.00 2037.00
1403.00 2040.00
1401.00 2042.00
1405.00 2040.00
1412.00 2044.00
1412.00 2046.00
1409.00 2041.00
1412.00 2046.00
1410.00 2049.00
1415.00 2051.00
1416.00 2051.00
1419.00 2052.00
1413.00 2045.00
1406.00 2034.00
1390.00 2024.00
1382.00 2015.00
1380.00 2018.00
1379.00 2024.00
1384.00 2028.00
1393.00 2032.00
1395.00 2034.00
1398.00 2030.00
1399.00 2036.00
1406.00 2036.00
1398.00 2036.00
1400.00 2028.00
1397.00 2029.00
1396.00 2029.00
1393.00 2028.00
1396.00 2034.00
1397.00 2038.00
1399.00 2036.00
1403.00 2033.00
1404.00 2034.00
1404.00 2039.00
1407.00 2040.00
1411.00 2040.00
1407.00 2036.00
1410.00 2043.00
1408.00 2037.00
1413.00 2040.00
1409.00 2039.00
1416.00 2043.00
1402.00 2037.00
1392.00 2022.00
1380.00 2014.00
1374.00 2015.00
1374.00 2012.00
1378.00 2018.00
1381.00 2019.00
1385.00 2024.00
1391.00 2024.00
1391.00 2025.00
1393.00 2031.00
1395.00 2025.00
1393.00 2026.00
1391.00 2019.00
1388.00 2016.00
1390.00 2025.00
1389.00 2023.00
1389.00 2022.00
1395.00 2021.00
1395.00 2025.00
1394.00 2028.00
1399.00 2030.00
1398.00 2026.00
1400.00 2028.00
1400.00 2028.00
1398.00 2030.00
1401.00 2029.00
1403.00 2033.00
1406.00 2030.00
1407.00 2036.00
1409.00 2036.00
1403.00 2027.00
1395.00 2017.00
1382.00 2009.00
1371.00 2005.00
1369.00 2002.00
1371.00 2000.00
1375.00 2007.00
1379.00 2015.00
1383.00 2008.00
1383.00 2015.00
1389.00 2015.00
1391.00 2014.00
1388.00 2014.00
1389.00 2017.00
1386.00 2014.00
1385.00 2010.00
1384.00 2010.00
1386.00 2010.00
1388.00 2016.00
1385.00 2014.00
1386.00 2015.00
1390.00 2021.00
1393.00 2021.00
1395.00 2020.00
1399.00 2020.00
1397.00 2023.00
1398.00 2023.00
1398.00 2020.00
1406.00 2026.00
1400.00 2028.00
1405.00 2024.00
1401.00 2022.00
1393.00 2013.00
1383.00 2000.00
1370.00 1995.00
1364.00 1997.00
1370.00 1995.00
1368.00 1993.00
1370.00 2007.00
1376.00 2001.00
1384.00 2011.00
1387.00 2012.00
1390.00 2011.00
1384.00 2007.00
1384.00 2010.00
1381.00 2008.00
1381.00 2009.00
1382.00 2005.00
1378.00 2000.00
1383.00 2003.00
1385.00 2009.00
1391.00 2007.00
1386.00 2011.00
1393.00 2018.00
1395.00 2017.00
1391.00 2021.00
1393.00 2019.00
1396.00 2017.00
1397.00 2020.00
1400.00 2020.00
1397.00 2024.00
1398.00 2011.00
1386.00 2003.00
1377.00 1998.00
1366.00 1993.00
1362.00 1989.00
1367.00 1989.00
1373.00 1994.00
1374.00 1995.00
1384.00 2009.00
1390.00 2013.00
1384.00 2013.00
1388.00 2009.00
1387.00 2010.00
1386.00 2008.00
1381.00 2007.00
1382.00 2003.00
1379.00 2001.00
1382.00 2005.00
1388.00 2006.00
1387.00 2010.00
1387.00 2012.00
1392.00 2009.00
1391.00 2012.00
1395.00 2016.00
1391.00 2012.00
1394.00 2014.00
1398.00 2013.00
1394.00 2018.00
1398.00 2018.00
1395.00 2011.00
1383.00 2000.00
1370.00 1987.00
1361.00 1986.00
1358.00 1983.00
1360.00 1982.00
1364.00 1990.00
1369.00 1991.00
1373.00 1995.00
1374.00 1997.00
1378.00 2000.00
1381.00 2003.00
1377.00 1993.00
1375.00 1991.00
1372.00 1989.00
1375.00 1992.00
1373.00 1994.00
1372.00 1991.00
1373.00 2001.00
1378.00 2002.00
1376.00 1998.00
1379.00 2001.00
1377.00 1998.00
1379.00 2000.00
1381.00 2000.00
1382.00 2002.00
1382.00 2004.00
1383.00 2007.00
1378.00 2000.00
1380.00 1996.00
1370.00 1987.00
1357.00 1974.00
1349.00 1968.00
1340.00 1967.00
1338.00 1969.00
1345.00 1964.00
1349.00 1973.00
1356.00 1970.00
1355.00 1976.00
1359.00 1981.00
1358.00 1978.00
1356.00 1979.00
1354.00 1975.00
1351.00 1974.00
1349.00 1979.00
1351.00 1974.00
1346.00 1975.00
1349.00 1975.00
1352.00 1974.00
1352.00 1978.00
1354.00 1972.00
1357.00 1977.00
1353.00 1970.00
1356.00 1976.00
1356.00 1974.00
1356.00 1973.00
1350.00 1975.00
1356.00 1972.00
1352.00 1974.00
1350.00 1964.00
1344.00 1956.00
1330.00 1949.00
1319.00 1941.00
1316.00 1942.00
1312.00 1939.00
1315.00 1941.00
1322.00 1948.00
1325.00 1948.00
1325.00 1949.00
1326.00 1945.00
1325.00 1945.00
1323.00 1943.00
1323.00 1940.00
1315.00 1939.00
1316.00 1936.00
1323.00 1936.00
1318.00 1939.00
1316.00 1936.00
1321.00 1938.00
1323.00 1937.00
1325.00 1942.00
1328.00 1938.00
1325.00 1938.00
1324.00 1941.00
1324.00 1938.00
1324.00 1942.00
1328.00 1942.00
1327.00 1944.00
1328.00 1938.00
1327.00 1939.00
1319.00 1928.00
1307.00 1913.00
1293.00 1910.00
1289.00 1905.00
1294.00 1908.00
1296.00 1909.00
1297.00 1910.00
1301.00 1916.00
1305.00 1913.00
1305.00 1917.00
1305.00 1915.00
1305.00 1923.00
1303.00 1912.00
1307.00 1910.00
1299.00 1917.00
1302.00 1919.00
1306.00 1918.00
1303.00 1913.00
1301.00 1918.00
1306.00 1922.00
1307.00 1923.00
1309.00 1929.00
1314.00 1925.00
1314.00 1923.00
1312.00 1919.00
1313.00 1924.00
1311.00 1923.00
1312.00 1927.00
1317.00 1926.00
1322.00 1924.00
1311.00 1913.00
1300.00 1909.00
1288.00 1900.00
1284.00 1898.00
1283.00 1899.00
1285.00 1903.00
1288.00 1905.00
1295.00 1907.00
1295.00 1911.00
1300.00 1908.00
1297.00 1908.00
1297.00 1910.00
1294.00 1909.00
1298.00 1907.00
1295.00 1908.00
1295.00 1907.00
1296.00 1902.00
1295.00 1912.00
1296.00 1910.00
1301.00 1910.00
1300.00 1911.00
1304.00 1913.00
1302.00 1913.00
1302.00 1914.00
1308.00 1911.00
1309.00 1914.00
1312.00 1918.00
1307.00 1918.00
1308.00 1917.00
1308.00 1915.00
1303.00 1909.00
1296.00 1897.00
1283.00 1894.00
1278.00 1892.00
1284.00 1890.00
1281.00 1894.00
1284.00 1892.00
1285.00 1900.00
1288.00 1905.00
1292.00 1910.00
1292.00 1909.00
1293.00 1905.00
1290.00 1905.00
1292.00 1902.00
1289.00 1901.00
1291.00 1899.00
1290.00 1901.00
1292.00 1911.00
1296.00 1907.00
1294.00 1909.00
1297.00 1911.00
1298.00 1907.00
1300.00 1910.00
1299.00 1912.00
1300.00 1910.00
1303.00 1911.00
1304.00 1910.00
1304.00 1907.00
1301.00 1910.00
1306.00 1911.00
1305.00 1910.00
1296.00 1900.00
1284.00 1885.00
1279.00 1882.00
1274.00 1885.00
1271.00 1883.00
1270.00 1886.00
1275.00 1888.00
1278.00 1889.00
1276.00 1892.00
1283.00 1890.00
1280.00 1885.00
1277.00 1890.00
1278.00 1888.00
1278.00 1882.00
1275.00 1887.00
1275.00 1886.00
1274.00 1886.00
1277.00 1884.00
1277.00 1890.00
1281.00 1889.00
1280.00 1891.00
1284.00 1892.00
1278.00 1893.00
1283.00 1892.00
1281.00 1892.00
1278.00 1889.00
1280.00 1891.00
1279.00 1890.00
1281.00 1894.00
1285.00 1895.00
1282.00 1893.00
1284.00 1893.00
1275.00 1890.00
1270.00 1878.00
1257.00 1868.00
1251.00 1857.00
1249.00 1857.00
1250.00 1860.00
1256.00 1863.00
1253.00 1868.00
1256.00 1866.00
1257.00 1870.00
1260.00 1872.00
1266.00 1869.00
1261.00 1867.00
1263.00 1872.00
1263.00 1875.00
1266.00 1870.00
1263.00 1874.00
1267.00 1875.00
1267.00 1876.00
1275.00 1879.00
1274.00 1874.00
1275.00 1878.00
1275.00 1880.00
1274.00 1880.00
1281.00 1887.00
1278.00 1883.00
1280.00 1887.00
1283.00 1888.00
1282.00 1889.00
1282.00 1889.00
1285.00 1890.00
1288.00 1892.00
1288.00 1889.00
1283.00 1884.00
1271.00 1874.00
1266.00 1860.00
1258.00 1861.00
1258.00 1861.00
1258.00 1863.00
1262.00 1867.00
1266.00 1870.00
1267.00 1870.00
1268.00 1873.00
1271.00 1871.00
1270.00 1870.00
1270.00 1871.00
1270.00 1874.00
1267.00 1871.00
1269.00 1871.00
1270.00 1870.00
1271.00 1875.00
1275.00 1876.00
1273.00 1878.00
1277.00 1871.00
1282.00 1876.00
1279.00 1877.00
1275.00 1884.00
1280.00 1879.00
1276.00 1884.00
1281.00 1880.00
1281.00 1881.00
1280.00 1879.00
1286.00 1881.00
1283.00 1883.00
1283.00 1880.00
1275.00 1873.00
1265.00 1861.00
1257.00 1858.00
1252.00 1853.00
1254.00 1856.00
1253.00 1859.00
1261.00 1855.00
1262.00 1859.00
1259.00 1860.00
1261.00 1867.00
1263.00 1868.00
1268.00 1861.00
1265.00 1862.00
1266.00 1863.00
1265.00 1861.00
1264.00 1863.00
1262.00 1865.00
1266.00 1863.00
1266.00 1864.00
1272.00 1867.00
1266.00 1867.00
1272.00 1869.00
1276.00 1873.00
1273.00 1868.00
1274.00 1875.00
1274.00 1869.00
1278.00 1874.00
1281.00 1875.00
1277.00 1875.00
1282.00 1879.00
1280.00 1878.00
1276.00 1872.00
1265.00 1860.00
1261.00 1856.00
1258.00 1853.00
1257.00 1854.00
1264.00 1861.00
1264.00 1860.00
1269.00 1867.00
1272.00 1873.00
1276.00 1867.00
1278.00 1870.00
1272.00 1871.00
1273.00 1873.00
1273.00 1868.00
1274.00 1870.00
1272.00 1871.00
1275.00 1874.00
1278.00 1878.00
1279.00 1880.00
1279.00 1879.00
1283.00 1886.00
1283.00 1884.00
1285.00 1880.00
1288.00 1884.00
1287.00 1885.00
1288.00 1885.00
1287.00 1886.00
1288.00 1885.00
1289.00 1882.00
1293.00 1883.00
1292.00 1884.00
1287.00 1878.00
1279.00 1871.00
1268.00 1861.00
1265.00 1854.00
1261.00 1856.00
1263.00 1862.00
1267.00 1864.00
1271.00 1866.00
1272.00 1866.00
1276.00 1869.00
1278.00 1865.00
1273.00 1869.00
1279.00 1867.00
1272.00 1867.00
1275.00 1864.00
1272.00 1869.00
1267.00 1867.00
1274.00 1869.00
1277.00 1871.00
1274.00 1872.00
1279.00 1867.00
1278.00 1870.00
1279.00 1870.00
1278.00 1873.00
1281.00 1871.00
1287.00 1871.00
1283.00 1866.00
1281.00 1874.00
1282.00 1872.00
1280.00 1871.00
1282.00 1871.00
1288.00 1869.00
1277.00 1862.00
1267.00 1856.00
1257.00 1849.00
1259.00 1852.00
1257.00 1850.00
1256.00 1854.00
1263.00 1854.00
1267.00 1860.00
1266.00 1860.00
1268.00 1858.00
1267.00 1857.00
1269.00 1860.00
1269.00 1856.00
1266.00 1856.00
1268.00 1859.00
1272.00 1864.00
1272.00 1863.00
1271.00 1866.00
1274.00 1864.00
1279.00 1872.00
1277.00 1871.00
1278.00 1874.00
1285.00 1869.00
1285.00 1875.00
1284.00 1873.00
1288.00 1877.00
1285.00 1870.00
1287.00 1876.00
1287.00 1877.00
1288.00 1878.00
1290.00 1875.00
1283.00 1870.00
1277.00 1865.00
1273.00 1857.00
1270.00 1848.00
1263.00 1847.00
1262.00 1847.00
1265.00 1860.00
1266.00 1860.00
1270.00 1859.00
1273.00 1859.00
1277.00 1865.00
1277.00 1863.00
1277.00 1860.00
1274.00 1860.00
1269.00 1860.00
1271.00 1862.00
1274.00 1859.00
1269.00 1859.00
1277.00 1865.00
1272.00 1867.00
1273.00 1869.00
1283.00 1862.00
1283.00 1870.00
1283.00 1870.00
1282.00 1870.00
1283.00 1871.00
1287.00 1873.00
1291.00 1878.00
1291.00 1872.00
1291.00 1877.00
1288.00 1869.00
1282.00 1860.00
1275.00 1857.00
1264.00 1854.00
1265.00 1850.00
1262.00 1853.00
1271.00 1857.00
1270.00 1860.00
1274.00 1860.00
1277.00 1865.00
1280.00 1867.00
1279.00 1863.00
1276.00 1867.00
1278.00 1864.00
1274.00 1865.00
1277.00 1864.00
1281.00 1866.00
1277.00 1865.00
1282.00 1867.00
1280.00 1871.00
1281.00 1870.00
1289.00 1869.00
1285.00 1875.00
1285.00 1875.00
1288.00 1872.00
1290.00 1873.00
1289.00 1871.00
1294.00 1878.00
1292.00 1877.00
1291.00 1872.00
1287.00 1867.00
1279.00 1857.00
1266.00 1850.00
1266.00 1851.00
1261.00 1847.00
1264.00 1848.00
1258.00 1853.00
1263.00 1853.00
1269.00 1859.00
1265.00 1856.00
1269.00 1855.00
1272.00 1858.00
1269.00 1855.00
1265.00 1852.00
1264.00 1849.00
1260.00 1847.00
1262.00 1850.00
1264.00 1846.00
1266.00 1850.00
1262.00 1849.00
1262.00 1849.00
1266.00 1846.00
1267.00 1847.00
1267.00 1853.00
1264.00 1853.00
1265.00 1852.00
1265.00 1850.00
1265.00 1849.00
1264.00 1848.00
1262.00 1850.00
1261.00 1846.00
1256.00 1832.00
1242.00 1820.00
1236.00 1817.00
1227.00 1812.00
1229.00 1811.00
1227.00 1819.00
1228.00 1814.00
1229.00 1815.00
1232.00 1818.00
1232.00 1816.00
1236.00 1824.00
1233.00 1814.00
1235.00 1810.00
1228.00 1815.00
1227.00 1811.00
1225.00 1812.00
1229.00 1809.00
1227.00 1813.00
1231.00 1812.00
1233.00 1815.00
1236.00 1817.00
1234.00 1818.00
1234.00 1814.00
1232.00 1816.00
1235.00 1819.00
1238.00 1823.00
1238.00 1816.00
1241.00 1818.00
1239.00 1819.00
1239.00 1822.00
1236.00 1816.00
1230.00 1810.00
1226.00 1797.00
1216.00 1795.00
1221.00 1794.00
1215.00 1798.00
1218.00 1806.00
1227.00 1807.00
1231.00 1808.00
1233.00 1821.00
1239.00 1813.00
1239.00 1818.00
1237.00 1812.00
1232.00 1815.00
1234.00 1817.00
1241.00 1817.00
1239.00 1813.00
1239.00 1816.00
1243.00 1820.00
1242.00 1823.00
1247.00 1824.00
1243.00 1822.00
1245.00 1824.00
1253.00 1827.00
1249.00 1828.00
1251.00 1832.00
1253.00 1835.00
1254.00 1831.00
1260.00 1837.00
1258.00 1836.00
1254.00 1832.00
1248.00 1826.00
1240.00 1817.00
1232.00 1812.00
1231.00 1810.00
1227.00 1819.00
1231.00 1815.00
1237.00 1822.00
1233.00 1822.00
1241.00 1822.00
1239.00 1820.00
1248.00 1823.00
1243.00 1817.00
1240.00 1819.00
1238.00 1816.00
1238.00 1818.00
1239.00 1818.00
1239.00 1816.00
1241.00 1820.00
1241.00 1823.00
1245.00 1819.00
1247.00 1821.00
1244.00 1823.00
1245.00 1822.00
1247.00 1825.00
1248.00 1822.00
1246.00 1825.00
1248.00 1826.00
1246.00 1821.00
1247.00 1818.00
1243.00 1810.00
1230.00 1802.00
1223.00 1799.00
1221.00 1798.00
1224.00 1800.00
1224.00 1800.00
1226.00 1808.00
1230.00 1807.00
1231.00 1808.00
1234.00 1812.00
1233.00 1809.00
1232.00 1807.00
1233.00 1806.00
1228.00 1799.00
1230.00 1810.00
1237.00 1806.00
1231.00 1812.00
1236.00 1811.00
1235.00 1816.00
1238.00 1816.00
1242.00 1818.00
1238.00 1815.00
1240.00 1812.00
1242.00 1818.00
1243.00 1814.00
1245.00 1818.00
1244.00 1818.00
1244.00 1820.00
1245.00 1817.00
1247.00 1816.00
1241.00 1809.00
1230.00 1801.00
1222.00 1796.00
1218.00 1790.00
1217.00 1790.00
1220.00 1796.00
1222.00 1797.00
1226.00 1801.00
1223.00 1804.00
1232.00 1805.00
1230.00 1809.00
1235.00 1806.00
1230.00 1806.00
1231.00 1806.00
1232.00 1808.00
1231.00 1805.00
1228.00 1806.00
1231.00 1808.00
1235.00 1805.00
1234.00 1805.00
1237.00 1808.00
1239.00 1808.00
1239.00 1809.00
1239.00 1808.00
1238.00 1807.00
1237.00 1805.00
1238.00 1807.00
1238.00 1806.00
1238.00 1805.00
1234.00 1807.00
1237.00 1803.00
1237.00 1799.00
1229.00 1796.00
1221.00 1784.00
1213.00 1781.00
1209.00 1777.00
1203.00 1775.00
1205.00 1770.00
1209.00 1771.00
1206.00 1769.00
1210.00 1771.00
1209.00 1772.00
1213.00 1773.00
1206.00 1774.00
1207.00 1773.00
1205.00 1766.00
1206.00 1772.00
1202.00 1774.00
1205.00 1767.00
1203.00 