4095.00 4095.00
4095.00 4095.00
4095.00 4095.00
4095.00 4095.00
4095.00 4095.00
4095.00 4095.00
4095.00 4095.00
4095.00 4095.00
4095.00 4095.00
4095.00 4095.00
4095.00 4095.00
4095.00 4095.00
4095.00 4095.00
4095.00 4095.00
4095.00 4095.00
4095.00 4095.00
4095.00 4095.00
4095.00 4095.00
4095.00 4095.00
4095.00 4095.00
4095.00 4095.00
4095.00 4095.00
4095.00 4095.00
4095.00 4095.00
4095.00 4095.00
4095.00 4095.00
4095.00 4095.00
4095.00 4095.00
4095.00 4095.00
4095.00 4095.00
4095.00 4095.00
4095.00 4095.00
4095.00 4095.00
4095.00 4095.00
4095.00 4095.00
4095.00 4095.00
4095.00 4095.00
4095.00 4095.00
4095.00 4095.00
1862.00 1869.00
1306.00 1358.00
872.00 946.00
520.00 940.00
551.00 1124.00
724.00 1306.00
827.00 1384.00
907.00 1500.00
1065.00 1713.00
1216.00 1906.00
1351.00 2049.00
1431.00 2136.00
1481.00 2202.00
1523.00 2241.00
1556.00 2267.00
1566.00 2287.00
1585.00 2310.00
1603.00 2337.00
1619.00 2375.00
1645.00 2414.00
1685.00 2454.00
1727.00 2490.00
1764.00 2519.00
1789.00 2546.00
1804.00 2565.00
1807.00 2572.00
1809.00 2580.00
1813.00 2571.00
1817.00 2578.00
1824.00 2586.00
1835.00 2596.00
1851.00 2609.00
1866.00 2621.00
1886.00 2639.00
1900.00 2647.00
1908.00 2650.00
1916.00 2661.00
1915.00 2663.00
1917.00 2663.00
1930.00 2680.00
1945.00 2690.00
1957.00 2693.00
1960.00 2698.00
1948.00 2669.00
1913.00 2652.00
1895.00 2643.00
1885.00 2639.00
1887.00 2651.00
1898.00 2653.00
1899.00 2656.00
1900.00 2656.00
1902.00 2657.00
1903.00 2662.00
1901.00 2654.00
1893.00 2648.00
1883.00 2643.00
1880.00 2643.00
1872.00 2635.00
1879.00 2634.00
1886.00 2643.00
1890.00 2652.00
1896.00 2648.00
1897.00 2643.00
1895.00 2648.00
1891.00 2645.00
1891.00 2643.00
1882.00 2646.00
1879.00 2638.00
1876.00 2638.00
1870.00 2631.00
1864.00 2633.00
1857.00 2620.00
1849.00 2608.00
1843.00 2606.00
1839.00 2597.00
1836.00 2609.00
1836.00 2607.00
1842.00 2606.00
1848.00 2612.00
1853.00 2608.00
1854.00 2613.00
1859.00 2613.00
1857.00 2611.00
1855.00 2609.00
1849.00 2605.00
1844.00 2607.00
1849.00 2606.00
1850.00 2613.00
1849.00 2607.00
1847.00 2613.00
1858.00 2618.00
1861.00 2609.00
1861.00 2613.00
1857.00 2612.00
1858.00 2611.00
1865.00 2613.00
1861.00 2602.00
1861.00 2609.00
1856.00 2598.00
1843.00 2588.00
1835.00 2584.00
1829.00 2581.00
1829.00 2582.00
1833.00 2580.00
1839.00 2585.00
1844.00 2589.00
1846.00 2590.00
1848.00 2599.00
1853.00 2595.00
1847.00 2589.00
1849.00 2586.00
1846.00 2589.00
1841.00 2580.00
1845.00 2585.00
1846.00 2585.00
1851.00 2588.00
1849.00 2590.00
1852.00 2588.00
1857.00 2592.00
1858.00 2598.00
1857.00 2590.00
1861.00 2591.00
1862.00 2590.00
1864.00 2598.00
1866.00 2597.00
1868.00 2592.00
1855.00 2579.00
1842.00 2577.00
1834.00 2572.00
1835.00 2575.00
1841.00 2580.00
1842.00 2581.00
1847.00 2584.00
1848.00 2585.00
1855.00 2585.00
1859.00 2589.00
1861.00 2588.00
1853.00 2588.00
1857.00 2583.00
1858.00 2587.00
1852.00 2583.00
1858.00 2585.00
1855.00 2588.00
1864.00 2594.00
1866.00 2599.00
1869.00 2605.00
1872.00 2608.00
1875.00 2611.00
1875.00 2616.00
1874.00 2619.00
1883.00 2621.00
1881.00 2620.00
1883.00 2620.00
1876.00 2613.00
1866.00 2601.00
1859.00 2589.00
1853.00 2591.00
1848.00 2589.00
1850.00 2594.00
1856.00 2596.00
1858.00 2598.00
1858.00 2606.00
1864.00 2603.00
1868.00 2608.00
1869.00 2608.00
1869.00 2605.00
1873.00 2604.00
1863.00 2597.00
1853.00 2598.00
1844.00 2595.00
1838.00 2594.00
1827.00 2582.00
1816.00 2572.00
1802.00 2552.00
1778.00 2533.00
1748.00 2503.00
1725.00 2490.00
1713.00 2481.00
1706.00 2482.00
1698.00 2472.00
1700.00 2461.00
1696.00 2456.00
1668.00 2433.00
1642.00 2409.00
1619.00 2393.00
1597.00 2376.00
1580.00 2364.00
1567.00 2357.00
1548.00 2335.00
1521.00 2324.00
1508.00 2314.00
1479.00 2298.00
1461.00 2289.00
1439.00 2286.00
1420.00 2278.00
1411.00 2288.00
1397.00 2288.00
1378.00 2276.00
1373.00 2280.00
1365.00 2283.00
1352.00 2276.00
1322.00 2267.00
1290.00 2242.00
1277.00 2267.00
1300.00 2292.00
1330.00 2303.00
1353.00 2319.00
1363.00 2317.00
1361.00 2307.00
1371.00 2299.00
1367.00 2285.00
1361.00 2280.00
1364.00 2280.00
1370.00 2281.00
1386.00 2284.00
1408.00 2293.00
1428.00 2291.00
1461.00 2301.00
1484.00 2294.00
1495.00 2274.00
1499.00 2234.00
1496.00 2190.00
1500.00 2158.00
1507.00 2143.00
1510.00 2145.00
1528.00 2168.00
1542.00 2176.00
1543.00 2164.00
1545.00 2155.00
1547.00 2163.00
1562.00 2159.00
1562.00 2152.00
1562.00 2154.00
1566.00 2156.00
1576.00 2151.00
1580.00 2148.00
1571.00 2124.00
1548.00 2102.00
1534.00 2101.00
1532.00 2086.00
1531.00 2086.00
1530.00 2084.00
1535.00 2083.00
1537.00 2086.00
1547.00 2105.00
1560.00 2125.00
1585.00 2174.00
1618.00 2223.00
1658.00 2273.00
1690.00 2314.00
1720.00 2349.00
1739.00 2384.00
1758.00 2418.00
1765.00 2441.00
1776.00 2456.00
1791.00 2471.00
1800.00 2487.00
1817.00 2497.00
1829.00 2509.00
1836.00 2516.00
1849.00 2529.00
1860.00 2540.00
1875.00 2543.00
1888.00 2552.00
1889.00 2552.00
1892.00 2544.00
1884.00 2546.00
1879.00 2540.00
1884.00 2547.00
1888.00 2557.00
1894.00 2560.00
1907.00 2564.00
1912.00 2573.00
1921.00 2574.00
1924.00 2582.00
1929.00 2580.00
1935.00 2581.00
1933.00 2579.00
1933.00 2576.00
1939.00 2588.00
1939.00 2589.00
1947.00 2592.00
1945.00 2595.00
1955.00 2592.00
1955.00 2598.00
1954.00 2597.00
1959.00 2601.00
1966.00 2609.00
1964.00 2608.00
1970.00 2611.00
1975.00 2613.00
1982.00 2609.00
1976.00 2616.00
1980.00 2618.00
1976.00 2608.00
1969.00 2599.00
1962.00 2599.00
1961.00 2596.00
1967.00 2600.00
1970.00 2606.00
1974.00 2606.00
1975.00 2612.00
1980.00 2613.00
1984.00 2617.00
1984.00 2616.00
1990.00 2613.00
1985.00 2621.00
1984.00 2617.00
1988.00 2627.00
1987.00 2619.00
1988.00 2622.00
1986.00 2622.00
1992.00 2628.00
1993.00 2626.00
1996.00 2631.00
1995.00 2627.00
2000.00 2630.00
2002.00 2637.00
2003.00 2636.00
2006.00 2638.00
2008.00 2639.00
2008.00 2637.00
2006.00 2635.00
1996.00 2628.00
1989.00 2623.00
1986.00 2621.00
1987.00 2620.00
1991.00 2617.00
1997.00 2625.00
2000.00 2623.00
2003.00 2625.00
2005.00 2630.00
2004.00 2634.00
2009.00 2632.00
2008.00 2627.00
2005.00 2626.00
2006.00 2624.00
2004.00 2624.00
2004.00 2625.00
2009.00 2628.00
2010.00 2631.00
2012.00 2630.00
2013.00 2629.00
2017.00 2635.00
2016.00 2637.00
2020.00 2633.00
2017.00 2638.00
2020.00 2638.00
2022.00 2637.00
2023.00 2632.00
2021.00 2635.00
2016.00 2622.00
2008.00 2615.00
2001.00 2613.00
1999.00 2620.00
2000.00 2620.00
2007.00 2620.00
2004.00 2622.00
2011.00 2622.00
2011.00 2626.00
2016.00 2629.00
2014.00 2626.00
2012.00 2624.00
2016.00 2621.00
2016.00 2622.00
2011.00 2621.00
2010.00 2620.00
2013.00 2623.00
2018.00 2628.00
2017.00 2626.00
2021.00 2627.00
2015.00 2630.00
2018.00 2629.00
2021.00 2633.00
2024.00 2637.00
2020.00 2640.00
2025.00 2646.00
2022.00 2642.00
2029.00 2645.00
2026.00 2647.00
2027.00 2638.00
2012.00 2627.00
2007.00 2625.00
2007.00 2622.00
2002.00 2625.00
2007.00 2630.00
2009.00 2624.00
2015.00 2625.00
2017.00 2623.00
2014.00 2629.00
2022.00 2630.00
2020.00 2628.00
2021.00 2631.00
2017.00 2626.00
2019.00 2631.00
2019.00 2628.00
2020.00 2629.00
2021.00 2633.00
2023.00 2634.00
2023.00 2634.00
2028.00 2628.00
2026.00 2631.00
2028.00 2631.00
2028.00 2636.00
2031.00 2626.00
2033.00 2634.00
2032.00 2636.00
2032.00 2640.00
2037.00 2644.00
2040.00 2640.00
2038.00 2638.00
2035.00 2632.00
2025.00 2630.00
2018.00 2619.00
2017.00 2616.00
2015.00 2625.00
2017.00 2626.00
2021.00 2624.00
2023.00 2627.00
2021.00 2622.00
2025.00 2624.00
2027.00 2624.00
2026.00 2622.00
2028.00 2622.00
2029.00 2624.00
2020.00 2622.00
2023.00 2624.00
2026.00 2628.00
2028.00 2627.00
2032.00 2634.00
2035.00 2630.00
2034.00 2631.00
2033.00 2632.00
2034.00 2632.00
2038.00 2631.00
2037.00 2635.00
2038.00 2630.00
2040.00 2633.00
2038.00 2629.00
2042.00 2640.00
2041.00 2644.00
2041.00 2644.00
2047.00 2642.00
2039.00 2636.00
2027.00 2626.00
2024.00 2628.00
2020.00 2624.00
2022.00 2629.00
2023.00 2629.00
2028.00 2634.00
2032.00 2633.00
2032.00 2638.00
2034.00 2635.00
2035.00 2630.00
2037.00 2632.00
2037.00 2627.00
2035.00 2629.00
2032.00 2638.00
2033.00 2632.00
2035.00 2635.00
2040.00 2636.00
2041.00 2638.00
2043.00 2641.00
2044.00 2640.00
2047.00 2638.00
2044.00 2641.00
2047.00 2648.00
2048.00 2643.00
2047.00 2635.00
2053.00 2645.00
2051.00 2644.00
2057.00 2644.00
2056.00 2641.00
2054.00 2634.00
2042.00 2624.00
2035.00 2622.00
2033.00 2627.00
2037.00 2629.00
2039.00 2630.00
2045.00 2633.00
2042.00 2637.00
2048.00 2635.00
2051.00 2641.00
2048.00 2639.00
2046.00 2638.00
2051.00 2639.00
2051.00 2636.00
2052.00 2639.00
2049.00 2634.00
2048.00 2635.00
2057.00 2639.00
2054.00 2639.00
2055.00 2643.00
2059.00 2638.00
2057.00 2636.00
2060.00 2635.00
2060.00 2644.00
2061.00 2642.00
2062.00 2644.00
2065.00 2644.00
2062.00 2652.00
2068.00 2655.00
2066.00 2654.00
2066.00 2647.00
2060.00 2635.00
2046.00 2629.00
2036.00 2635.00
2045.00 2637.00
2042.00 2637.00
2046.00 2637.00
2049.00 2636.00
2053.00 2643.00
2053.00 2642.00
2057.00 2644.00
2057.00 2639.00
2057.00 2644.00
2058.00 2638.00
2052.00 2637.00
2054.00 2642.00
2056.00 2641.00
2054.00 2643.00
2057.00 2643.00
2057.00 2645.00
2060.00 2644.00
2064.00 2647.00
2062.00 2648.00
2062.00 2649.00
2065.00 2652.00
2066.00 2652.00
2064.00 2660.00
2063.00 2651.00
2070.00 2658.00
2069.00 2659.00
2069.00 2657.00
2068.00 2657.00
2061.00 2642.00
2051.00 2636.00
2040.00 2635.00
2042.00 2633.00
2047.00 2640.00
2048.00 2644.00
2054.00 2641.00
2056.00 2648.00
2060.00 2648.00
2063.00 2647.00
2059.00 2648.00
2063.00 2651.00
2065.00 2654.00
2059.00 2649.00
2062.00 2653.00
2064.00 2649.00
2065.00 2656.00
2065.00 2656.00
2068.00 2652.00
2068.00 2658.00
2072.00 2656.00
2077.00 2655.00
2071.00 2659.00
2072.00 2659.00
2075.00 2662.00
2078.00 2659.00
2077.00 2658.00
2078.00 2656.00
2081.00 2659.00
2080.00 2665.00
2084.00 2663.00
2077.00 2659.00
2064.00 2648.00
2060.00 2640.00
2053.00 2647.00
2054.00 2647.00
2058.00 2648.00
2067.00 2652.00
2069.00 2657.00
2069.00 2655.00
2073.00 2656.00
2075.00 2655.00
2077.00 2656.00
2075.00 2657.00
2069.00 2655.00
2073.00 2656.00
2072.00 2653.00
2076.00 2653.00
2076.00 2653.00
2078.00 2660.00
2076.00 2657.00
2079.00 2657.00
2080.00 2655.00
2085.00 2664.00
2082.00 2658.00
2085.00 2661.00
2087.00 2661.00
2088.00 2663.00
2089.00 2665.00
2094.00 2668.00
2098.00 2669.00
2100.00 2666.00
2088.00 2662.00
2090.00 2665.00
2088.00 2654.00
2056.00 2644.00
1999.00 2600.00
1916.00 2539.00
1848.00 2495.00
1785.00 2424.00
1702.00 2343.00
1550.00 2218.00
1385.00 2090.00
1288.00 1958.00
1166.00 1790.00
1056.00 1676.00
1000.00 1609.00
973.00 1572.00
946.00 1543.00
923.00 1525.00
908.00 1516.00
904.00 1513.00
901.00 1516.00
915.00 1564.00
992.00 1687.00
1095.00 1780.00
1160.00 1784.00
1152.00 1782.00
1160.00 1779.00
1166.00 1795.00
1179.00 1792.00
1184.00 1764.00
1137.00 1687.00
1087.00 1639.00
1059.00 1625.00
1038.00 1608.00
1017.00 1594.00
993.00 1594.00
998.00 1617.00
1019.00 1662.00
1055.00 1717.00
1112.00 1816.00
1204.00 1903.00
1274.00 1969.00
1325.00 2019.00
1365.00 2050.00
1407.00 2087.00
1436.00 2105.00
1453.00 2135.00
1481.00 2177.00
1538.00 2219.00
1570.00 2250.00
1594.00 2266.00
1599.00 2279.00
1596.00 2291.00
1592.00 2307.00
1600.00 2319.00
1610.00 2330.00
1623.00 2349.00
1642.00 2364.00
1661.00 2376.00
1688.00 2472.00
1722.00 2572.00
1731.00 2648.00
1760.00 2686.00
1777.00 2731.00
1793.00 2751.00
1807.00 2764.00
1826.00 2773.00
1838.00 2823.00
1883.00 2853.00
1906.00 2850.00
1890.00 2768.00
1829.00 2678.00
1802.00 2618.00
1820.00 2599.00
1861.00 2635.00
1887.00 2737.00
1951.00 2885.00
2060.00 3009.00
2153.00 3147.00
2211.00 3265.00
2249.00 3333.00
2257.00 3340.00
2252.00 3320.00
2241.00 3329.00
2232.00 3332.00
2234.00 3325.00
2244.00 3315.00
2266.00 3334.00
2278.00 3343.00
2278.00 3340.00
2269.00 3332.00
2266.00 3330.00
2269.00 3332.00
2277.00 3344.00
2288.00 3360.00
2302.00 3364.00
2311.00 3367.00
2321.00 3377.00
2330.00 3387.00
2337.00 3393.00
2342.00 3380.00
2340.00 3384.00
2343.00 3387.00
2342.00 3391.00
2345.00 3386.00
2350.00 3394.00
2355.00 3405.00
2362.00 3414.00
2367.00 3408.00
2375.00 3421.00
2376.00 3425.00
2374.00 3413.00
2377.00 3417.00
2376.00 3418.00
2378.00 3419.00
2380.00 3424.00
2384.00 3426.00
2393.00 3433.00
2389.00 3423.00
2383.00 3406.00
2369.00 3404.00
2364.00 3393.00
2360.00 3396.00
2369.00 3409.00
2370.00 3407.00
2379.00 3413.00
2380.00 3414.00
2385.00 3412.00
2387.00 3423.00
2391.00 3409.00
2387.00 3408.00
2388.00 3410.00
2387.00 3420.00
2391.00 3426.00
2394.00 3421.00
2391.00 3424.00
2392.00 3429.00
2399.00 3422.00
2397.00 3429.00
2397.00 3431.00
2396.00 3426.00
2399.00 3432.00
2394.00 3421.00
2394.00 3422.00
2396.00 3428.00
2397.00 3434.00
2398.00 3425.00
2401.00 3431.00
2390.00 3419.00
2377.00 3410.00
2360.00 3392.00
2351.00 3393.00
2352.00 3393.00
2357.00 3404.00
2363.00 3408.00
2365.00 3407.00
2366.00 3408.00
2368.00 3403.00
2372.00 3409.00
2376.00 3408.00
2372.00 3406.00
2371.00 3403.00
2371.00 3412.00
2374.00 3408.00
2379.00 3408.00
2380.00 3408.00
2378.00 3416.00
2383.00 3415.00
2385.00 3418.00
2393.00 3419.00
2390.00 3419.00
2392.00 3415.00
2391.00 3423.00
2391.00 3414.00
2389.00 3414.00
2391.00 3419.00
2389.00 3423.00
2386.00 3404.00
2375.00 3393.00
2362.00 3388.00
2350.00 3369.00
2343.00 3369.00
2344.00 3376.00
2349.00 3384.00
2356.00 3393.00
2359.00 3395.00
2358.00 3389.00
2359.00 3388.00
2357.00 3385.00
2359.00 3392.00
2367.00 3395.00
2369.00 3394.00
2370.00 3401.00
2371.00 3408.00
2373.00 3401.00
2372.00 3400.00
2370.00 3403.00
2372.00 3400.00
2374.00 3409.00
2375.00 3410.00
2376.00 3400.00
2379.00 3408.00
2379.00 3416.00
2387.00 3420.00
2381.00 3410.00
2384.00 3411.00
2381.00 3411.00
2379.00 3407.00
2368.00 3395.00
2356.00 3397.00
2348.00 3382.00
2348.00 3385.00
2349.00 3392.00
2355.00 3394.00
2355.00 3396.00
2353.00 3390.00
2357.00 3396.00
2362.00 3399.00
2359.00 3396.00
2357.00 3393.00
2358.00 3394.00
2359.00 3399.00
2359.00 3394.00
2355.00 3400.00
2360.00 3396.00
2361.00 3400.00
2360.00 3406.00
2366.00 3403.00
2367.00 3406.00
2371.00 3414.00
2374.00 3407.00
2378.00 3420.00
2379.00 3414.00
2381.00 3413.00
2382.00 3418.00
2386.00 3413.00
2385.00 3420.00
2380.00 3409.00
2367.00 3396.00
2354.00 3387.00
2347.00 3383.00
2352.00 3392.00
2351.00 3393.00
2359.00 3392.00
2365.00 3390.00
2362.00 3394.00
2367.00 3393.00
2371.00 3403.00
2369.00 3400.00
2371.00 3396.00
2369.00 3400.00
2368.00 3391.00
2368.00 3389.00
2371.00 3390.00
2373.00 3397.00
2374.00 3402.00
2373.00 3401.00
2376.00 3403.00
2380.00 3398.00
2380.00 3404.00
2380.00 3403.00
2380.00 3406.00
2382.00 3403.00
2386.00 3411.00
2391.00 3408.00
2389.00 3412.00
2396.00 3415.00
2394.00 3410.00
2384.00 3394.00
2363.00 3383.00
2355.00 3378.00
2351.00 3381.00
2353.00 3374.00
2360.00 3383.00
2369.00 3384.00
2365.00 3387.00
2366.00 3384.00
2367.00 3394.00
2373.00 3395.00
2372.00 3387.00
2374.00 3386.00
2366.00 3385.00
2365.00 3389.00
2371.00 3389.00
2367.00 3391.00
2375.00 3394.00
2375.00 3394.00
2379.00 3402.00
2382.00 3399.00
2379.00 3403.00
2383.00 3405.00
2388.00 3400.00
2389.00 3406.00
2383.00 3405.00
2390.00 3406.00
2389.00 3411.00
2391.00 3409.00
2392.00 3407.00
2389.00 3395.00
2371.00 3377.00
2359.00 3371.00
2353.00 3364.00
2354.00 3369.00
2358.00 3367.00
2363.00 3376.00
2367.00 3375.00
2366.00 3373.00
2371.00 3381.00
2370.00 3388.00
2373.00 3387.00
2374.00 3389.00
2372.00 3388.00
2368.00 3386.00
2371.00 3381.00
2373.00 3390.00
2375.00 3388.00
2378.00 3386.00
2380.00 3395.00
2383.00 3392.00
2378.00 3399.00
2381.00 3394.00
2382.00 3393.00
2384.00 3399.00
2382.00 3400.00
2384.00 3408.00
2393.00 3412.00
2393.00 3406.00
2391.00 3400.00
2380.00 3391.00
2367.00 3376.00
2359.00 3367.00
2353.00 3371.00
2355.00 3379.00
2363.00 3378.00
2367.00 3384.00
2367.00 3380.00
2370.00 3381.00
2367.00 3381.00
2371.00 3382.00
2373.00 3378.00
2376.00 3376.00
2371.00 3378.00
2370.00 3382.00
2370.00 3375.00
2373.00 3375.00
2375.00 3380.00
2378.00 3383.00
2378.00 3387.00
2383.00 3387.00
2382.00 3392.00
2386.00 3399.00
2388.00 3387.00
2390.00 3388.00
2392.00 3391.00
2392.00 3387.00
2397.00 3388.00
2396.00 3393.00
2391.00 3398.00
2393.00 3400.00
2386.00 3390.00
2372.00 3373.00
2361.00 3367.00
2354.00 3370.00
2361.00 3366.00
2365.00 