0.00  3009.00
0.00  3009.00
3657.00  3009.00
3657.00  3009.00
3657.00  2981.00
3657.00  2981.00
3642.00  2981.00
3642.00  2981.00
3642.00  2989.00
3642.00  2989.00
3652.00  2989.00
3652.00  2989.00
3652.00  3005.00
3652.00  3005.00
3660.00  3005.00
3660.00  3005.00
3660.00  3020.00
3660.00  3020.00
3666.00  3020.00
3666.00  3020.00
3666.00  3027.00
3666.00  3027.00
3667.00  3027.00
3667.00  3027.00
3667.00  3022.00
3667.00  3022.00
3676.00  3022.00
3676.00  3022.00
3676.00  3028.00
3676.00  3028.00
3679.00  3028.00
3679.00  3028.00
3679.00  3031.00
3679.00  3031.00
3673.00  3031.00
3673.00  3031.00
3673.00  3038.00
3673.00  3038.00
3691.00  3038.00
3691.00  3038.00
3691.00  3048.00
3691.00  3048.00
3685.00  3048.00
3685.00  3048.00
3685.00  3055.00
3685.00  3055.00
3685.00  3055.00
3685.00  3055.00
3685.00  3055.00
3685.00  3055.00
3672.00  3055.00
3672.00  3055.00
3672.00  3005.00
3672.00  3005.00
3646.00  3005.00
3646.00  3005.00
3646.00  3007.00
3646.00  3007.00
3662.00  3007.00
3662.00  3007.00
3662.00  3015.00
3662.00  3015.00
3665.00  3015.00
3665.00  3015.00
3665.00  3020.00
3665.00  3020.00
3669.00  3020.00
3669.00  3020.00
3669.00  3027.00
3669.00  3027.00
3674.00  3027.00
3674.00  3027.00
3674.00  3036.00
3674.00  3036.00
3673.00  3036.00
3673.00  3036.00
3673.00  3038.00
3673.00  3038.00
3675.00  3038.00
3675.00  3038.00
3675.00  3045.00
3675.00  3045.00
3676.00  3045.00
3676.00  3045.00
3676.00  3052.00
3676.00  3052.00
3689.00  3052.00
3689.00  3052.00
3689.00  3054.00
3689.00  3054.00
3695.00  3054.00
3695.00  3054.00
3695.00  3062.00
3695.00  3062.00
3692.00  3062.00
3692.00  3062.00
3692.00  3053.00
3692.00  3053.00
3668.00  3053.00
3668.00  3053.00
3668.00  3016.00
3668.00  3016.00
3654.00  3016.00
3654.00  3016.00
3654.00  3009.00
3654.00  3009.00
3658.00  3009.00
3658.00  3009.00
3658.00  3022.00
3658.00  3022.00
3673.00  3022.00
3673.00  3022.00
3673.00  3033.00
3673.00  3033.00
3671.00  3033.00
3671.00  3033.00
3671.00  3045.00
3671.00  3045.00
3667.00  3045.00
3667.00  3045.00
3667.00  3038.00
3667.00  3038.00
3669.00  3038.00
3669.00  3038.00
3669.00  3046.00
3669.00  3046.00
3682.00  3046.00
3682.00  3046.00
3682.00  3045.00
3682.00  3045.00
3685.00  3045.00
3685.00  3045.00
3685.00  3053.00
3685.00  3053.00
3689.00  3053.00
3689.00  3053.00
3689.00  3064.00
3689.00  3064.00
3690.00  3064.00
3690.00  3064.00
3690.00  3066.00
3690.00  3066.00
3689.00  3066.00
3689.00  3066.00
3689.00  3075.00
3689.00  3075.00
3677.00  3075.00
3677.00  3075.00
3677.00  3031.00
3677.00  3031.00
3652.00  3031.00
3652.00  3031.00
3652.00  3017.00
3652.00  3017.00
3660.00  3017.00
3660.00  3017.00
3660.00  3025.00
3660.00  3025.00
3671.00  3025.00
3671.00  3025.00
3671.00  3038.00
3671.00  3038.00
3681.00  3038.00
3681.00  3038.00
3681.00  3051.00
3681.00  3051.00
3682.00  3051.00
3682.00  3051.00
3682.00  3052.00
3682.00  3052.00
3688.00  3052.00
3688.00  3052.00
3688.00  3061.00
3688.00  3061.00
3681.00  3061.00
3681.00  3061.00
3681.00  3067.00
3681.00  3067.00
3687.00  3067.00
3687.00  3067.00
3687.00  3068.00
3687.00  3068.00
3688.00  3068.00
3688.00  3068.00
3688.00  3075.00
3688.00  3075.00
3706.00  3075.00
3706.00  3075.00
3706.00  3088.00
3706.00  3088.00
3704.00  3088.00
3704.00  3088.00
3704.00  3057.00
3704.00  3057.00
3675.00  3057.00
3675.00  3057.00
3675.00  3031.00
3675.00  3031.00
3676.00  3031.00
3676.00  3031.00
3676.00  3056.00
3676.00  3056.00
3678.00  3056.00
3678.00  3056.00
3678.00  3064.00
3678.00  3064.00
3685.00  3064.00
3685.00  3064.00
3685.00  3071.00
3685.00  3071.00
3690.00  3071.00
3690.00  3071.00
3690.00  3075.00
3690.00  3075.00
3691.00  3075.00
3691.00  3075.00
3691.00  3073.00
3691.00  3073.00
3692.00  3073.00
3692.00  3073.00
3692.00  3076.00
3692.00  3076.00
3706.00  3076.00
3706.00  3076.00
3706.00  3080.00
3706.00  3080.00
3707.00  3080.00
3707.00  3080.00
3707.00  3094.00
3707.00  3094.00
3712.00  3094.00
3712.00  3094.00
3712.00  3100.00
3712.00  3100.00
3715.00  3100.00
3715.00  3100.00
3715.00  3099.00
3715.00  3099.00
3688.00  3099.00
3688.00  3099.00
3688.00  3059.00
3688.00  3059.00
3671.00  3059.00
3671.00  3059.00
3671.00  3054.00
3671.00  3054.00
3688.00  3054.00
3688.00  3054.00
3688.00  3064.00
3688.00  3064.00
3695.00  3064.00
3695.00  3064.00
3695.00  3064.00
3695.00  3064.00
3696.00  3064.00
3696.00  3064.00
3696.00  3074.00
3696.00  3074.00
3693.00  3074.00
3693.00  3074.00
3693.00  3082.00
3693.00  3082.00
3692.00  3082.00
3692.00  3082.00
3692.00  3086.00
3692.00  3086.00
3701.00  3086.00
3701.00  3086.00
3701.00  3091.00
3701.00  3091.00
3707.00  3091.00
3707.00  3091.00
3707.00  3100.00
3707.00  3100.00
3717.00  3100.00
3717.00  3100.00
3717.00  3105.00
3717.00  3105.00
3718.00  3105.00
3718.00  3105.00
3718.00  3101.00
3718.00  3101.00
3721.00  3101.00
3721.00  3101.00
3721.00  3114.00
3721.00  3114.00
3719.00  3114.00
3719.00  3114.00
3719.00  3086.00
3719.00  3086.00
3686.00  3086.00
3686.00  3086.00
3686.00  3057.00
3686.00  3057.00
3677.00  3057.00
3677.00  3057.00
3677.00  3061.00
3677.00  3061.00
3687.00  3061.00
3687.00  3061.00
3687.00  3073.00
3687.00  3073.00
3688.00  3073.00
3688.00  3073.00
3688.00  3079.00
3688.00  3079.00
3698.00  3079.00
3698.00  3079.00
3698.00  3086.00
3698.00  3086.00
3702.00  3086.00
3702.00  3086.00
3702.00  3083.00
3702.00  3083.00
3704.00  3083.00
3704.00  3083.00
3704.00  3084.00
3704.00  3084.00
3704.00  3084.00
3704.00  3084.00
3704.00  3095.00
3704.00  3095.00
3712.00  3095.00
3712.00  3095.00
3712.00  3097.00
3712.00  3097.00
3716.00  3097.00
3716.00  3097.00
3716.00  3110.00
3716.00  3110.00
3715.00  3110.00
3715.00  3110.00
3715.00  3117.00
3715.00  3117.00
3720.00  3117.00
3720.00  3117.00
3720.00  3124.00
3720.00  3124.00
3719.00  3124.00
3719.00  3124.00
3719.00  3124.00
3719.00  3124.00
3712.00  3124.00
3712.00  3124.00
3712.00  3085.00
3712.00  3085.00
3681.00  3085.00
3681.00  3085.00
3681.00  3067.00
3681.00  3067.00
3685.00  3067.00
3685.00  3067.00
3685.00  3077.00
3685.00  3077.00
3698.00  3077.00
3698.00  3077.00
3698.00  3085.00
3698.00  3085.00
3701.00  3085.00
3701.00  3085.00
3701.00  3095.00
3701.00  3095.00
3708.00  3095.00
3708.00  3095.00
3708.00  3101.00
3708.00  3101.00
3712.00  3101.00
3712.00  3101.00
3712.00  3104.00
3712.00  3104.00
3710.00  3104.00
3710.00  3104.00
3710.00  3109.00
3710.00  3109.00
3707.00  3109.00
3707.00  3109.00
3707.00  3118.00
3707.00  3118.00
3711.00  3118.00
3711.00  3118.00
3711.00  3124.00
3711.00  3124.00
3715.00  3124.00
3715.00  3124.00
3715.00  3130.00
3715.00  3130.00
3719.00  3130.00
3719.00  3130.00
3719.00  3129.00
3719.00  3129.00
3722.00  3129.00
3722.00  3129.00
3722.00  3132.00
3722.00  3132.00
3731.00  3132.00
3731.00  3132.00
3731.00  3132.00
3731.00  3132.00
3712.00  3132.00
3712.00  3132.00
3712.00  3096.00
3712.00  3096.00
3697.00  3096.00
3697.00  3096.00
3697.00  3088.00
3697.00  3088.00
3694.00  3088.00
3694.00  3088.00
3694.00  3106.00
3694.00  3106.00
3700.00  3106.00
3700.00  3106.00
3700.00  3107.00
3700.00  3107.00
3703.00  3107.00
3703.00  3107.00
3703.00  3125.00
3703.00  3125.00
3707.00  3125.00
3707.00  3125.00
3707.00  3126.00
3707.00  3126.00
3703.00  3126.00
3703.00  3126.00
3703.00  3120.00
3703.00  3120.00
3712.00  3120.00
3712.00  3120.00
3712.00  3126.00
3712.00  3126.00
3718.00  3126.00
3718.00  3126.00
3718.00  3128.00
3718.00  3128.00
3732.00  3128.00
3732.00  3128.00
3732.00  3134.00
3732.00  3134.00
3731.00  3134.00
3731.00  3134.00
3731.00  3145.00
3731.00  3145.00
3728.00  3145.00
3728.00  3145.00
3728.00  3149.00
3728.00  3149.00
3723.00  3149.00
3723.00  3149.00
3723.00  3131.00
3723.00  3131.00
3701.00  3131.00
3701.00  3131.00
3701.00  3099.00
3701.00  3099.00
3698.00  3099.00
3698.00  3099.00
3698.00  3105.00
3698.00  3105.00
3704.00  3105.00
3704.00  3105.00
3704.00  3120.00
3704.00  3120.00
3710.00  3120.00
3710.00  3120.00
3710.00  3125.00
3710.00  3125.00
3718.00  3125.00
3718.00  3125.00
3718.00  3125.00
3718.00  3125.00
3711.00  3125.00
3711.00  3125.00
3711.00  3129.00
3711.00  3129.00
3721.00  3129.00
3721.00  3129.00
3721.00  3133.00
3721.00  3133.00
3725.00  3133.00
3725.00  3133.00
3725.00  3142.00
3725.00  3142.00
3724.00  3142.00
3724.00  3142.00
3724.00  3141.00
3724.00  3141.00
3724.00  3141.00
3724.00  3141.00
3724.00  3146.00
3724.00  3146.00
3728.00  3146.00
3728.00  3146.00
3728.00  3152.00
3728.00  3152.00
3729.00  3152.00
3729.00  3152.00
3729.00  3115.00
3729.00  3115.00
3700.00  3115.00
3700.00  3115.00
3700.00  3100.00
3700.00  3100.00
3703.00  3100.00
3703.00  3100.00
3703.00  3109.00
3703.00  3109.00
3702.00  3109.00
3702.00  3109.00
3702.00  3117.00
3702.00  3117.00
3711.00  3117.00
3711.00  3117.00
3711.00  3124.00
3711.00  3124.00
3711.00  3124.00
3711.00  3124.00
3711.00  3124.00
3711.00  3124.00
3708.00  3124.00
3708.00  3124.00
3708.00  3127.00
3708.00  3127.00
3718.00  3127.00
3718.00  3127.00
3718.00  3123.00
3718.00  3123.00
3712.00  3123.00
3712.00  3123.00
3712.00  3134.00
3712.00  3134.00
3727.00  3134.00
3727.00  3134.00
3727.00  3137.00
3727.00  3137.00
3726.00  3137.00
3726.00  3137.00
3726.00  3140.00
3726.00  3140.00
3725.00  3140.00
3725.00  3140.00
3725.00  3141.00
3725.00  3141.00
3708.00  3141.00
3708.00  3141.00
3708.00  3108.00
3708.00  3108.00
3686.00  3108.00
3686.00  3108.00
3686.00  3086.00
3686.00  3086.00
3682.00  3086.00
3682.00  3086.00
3682.00  3092.00
3682.00  3092.00
3695.00  3092.00
3695.00  3092.00
3695.00  3098.00
3695.00  3098.00
3698.00  3098.00
3698.00  3098.00
3698.00  3100.00
3698.00  3100.00
3692.00  3100.00
3692.00  3100.00
3692.00  3109.00
3692.00  3109.00
3699.00  3109.00
3699.00  3109.00
3699.00  3106.00
3699.00  3106.00
3697.00  3106.00
3697.00  3106.00
3697.00  3111.00
3697.00  3111.00
3697.00  3111.00
3697.00  3111.00
3697.00  3116.00
3697.00  3116.00
3700.00  3116.00
3700.00  3116.00
3700.00  3121.00
3700.00  3121.00
3706.00  3121.00
3706.00  3121.00
3706.00  3121.00
3706.00  3121.00
3701.00  3121.00
3701.00  3121.00
3701.00  3122.00
3701.00  3122.00
3701.00  3122.00
3701.00  3122.00
3701.00  3130.00
3701.00  3130.00
3712.00  3130.00
3712.00  3130.00
3712.00  3123.00
3712.00  3123.00
3695.00  3123.00
3695.00  3123.00
3695.00  3091.00
3695.00  3091.00
3664.00  3091.00
3664.00  3091.00
3664.00  3059.00
3664.00  3059.00
3664.00  3059.00
3664.00  3059.00
3664.00  3079.00
3664.00  3079.00
3668.00  3079.00
3668.00  3079.00
3668.00  3083.00
3668.00  3083.00
3669.00  3083.00
3669.00  3083.00
3669.00  3088.00
3669.00  3088.00
3677.00  3088.00
3677.00  3088.00
3677.00  3095.00
3677.00  3095.00
3683.00  3095.00
3683.00  3095.00
3683.00  3084.00
3683.00  3084.00
3685.00  3084.00
3685.00  3084.00
3685.00  3090.00
3685.00  3090.00
3685.00  3090.00
3685.00  3090.00
3685.00  3095.00
3685.00  3095.00
3688.00  3095.00
3688.00  3095.00
3688.00  3109.00
3688.00  3109.00
3690.00  3109.00
3690.00  3109.00
3690.00  3112.00
3690.00  3112.00
3692.00  3112.00
3692.00  3112.00
3692.00  3118.00
3692.00  3118.00
3696.00  3118.00
3696.00  3118.00
3696.00  3121.00
3696.00  3121.00
3691.00  3121.00
3691.00  3121.00
3691.00  3089.00
3691.00  3089.00
3664.00  3089.00
3664.00  3089.00
3664.00  3065.00
3664.00  3065.00
3664.00  3065.00
3664.00  3065.00
3664.00  3072.00
3664.00  3072.00
3671.00  3072.00
3671.00  3072.00
3671.00  3085.00
3671.00  3085.00
3675.00  3085.00
3675.00  3085.00
3675.00  3094.00
3675.00  3094.00
3677.00  3094.00
3677.00  3094.00
3677.00  3103.00
3677.00  3103.00
3677.00  3103.00
3677.00  3103.00
3677.00  3101.00
3677.00  3101.00
3680.00  3101.00
3680.00  3101.00
3680.00  3107.00
3680.00  3107.00
3687.00  3107.00
3687.00  3107.00
3687.00  3110.00
3687.00  3110.00
3691.00  3110.00
3691.00  3110.00
3691.00  3127.00
3691.00  3127.00
3692.00  3127.00
3692.00  3127.00
3692.00  3126.00
3692.00  3126.00
3701.00  3126.00
3701.00  3126.00
3701.00  3127.00
3701.00  3127.00
3700.00  3127.00
3700.00  3127.00
3700.00  3132.00
3700.00  3132.00
3687.00  3132.00
3687.00  3132.00
3687.00  3084.00
3687.00  3084.00
3660.00  3084.00
3660.00  3084.00
3660.00  3084.00
3660.00  3084.00
3668.00  3084.00
3668.00  3084.00
3668.00  3093.00
3668.00  3093.00
3668.00  3093.00
3668.00  3093.00
3668.00  3102.00
3668.00  3102.00
3681.00  3102.00
3681.00  3102.00
3681.00  3105.00
3681.00  3105.00
3683.00  3105.00
3683.00  3105.00
3683.00  3101.00
3683.00  3101.00
3678.00  3101.00
3678.00  3101.00
3678.00  3108.00
3678.00  3108.00
3687.00  3108.00
3687.00  3108.00
3687.00  3112.00
3687.00  3112.00
3688.00  3112.00
3688.00  3112.00
3688.00  3121.00
3688.00  3121.00
3696.00  3121.00
3696.00  3121.00
3696.00  3122.00
3696.00  3122.00
3692.00  3122.00
3692.00  3122.00
3692.00  3124.00
3692.00  3124.00
3696.00  3124.00
3696.00  3124.00
3696.00  3125.00
3696.00  3125.00
3691.00  3125.00
3691.00  3125.00
3691.00  3118.00
3691.00  3118.00
3657.00  3118.00
3657.00  3118.00
3657.00  3076.00
3657.00  3076.00
3657.00  3076.00
3657.00  3076.00
3657.00  3083.00
3657.00  3083.00
3670.00  3083.00
3670.00  3083.00
3670.00  3096.00
3670.00  3096.00
3671.00  3096.00
3671.00  3096.00
3671.00  3103.00
3671.00  3103.00
3675.00  3103.00
3675.00  3103.00
3675.00  3100.00
3675.00  3100.00
3674.00  3100.00
3674.00  3100.00
3674.00  3105.00
3674.00  3105.00
3680.00  3105.00
3680.00  3105.00
3680.00  3105.00
3680.00  3105.00
3676.00  3105.00
3676.00  3105.00
3676.00  3113.00
3676.00  3113.00
3682.00  3113.00
3682.00  3113.00
3682.00  3126.00
3682.00  3126.00
3685.00  3126.00
3685.00  3126.00
3685.00  3121.00
3685.00  3121.00
3689.00  3121.00
3689.00  3121.00
3689.00  3121.00
3689.00  3121.00
3692.00  3121.00
3692.00  3121.00
3692.00  3116.00
3692.00  3116.00
3662.00  3116.00
3662.00  3116.00
3662.00  3075.00
3662.00  3075.00
3646.00  3075.00
3646.00  3075.00
3646.00  3068.00
3646.00  3068.00
3649.00  3068.00
3649.00  3068.00
3649.00  3084.00
3649.00  3084.00
3653.00  3084.00
3653.00  3084.00
3653.00  3089.00
3653.00  3089.00
3652.00  3089.00
3652.00  3089.00
3652.00  3091.00
3652.00  3091.00
3671.00  3091.00
3671.00  3091.00
3671.00  3093.00
3671.00  3093.00
3662.00  3093.00
3662.00  3093.00
3662.00  3093.00
3662.00  3093.00
3667.00  3093.00
3667.00  3093.00
3667.00  3097.00
3667.00  3097.00
3671.00  3097.00
3671.00  3097.00
3671.00  3100.00
3671.00  3100.00
3668.00  3100.00
3668.00  3100.00
3668.00  3109.00
3668.00  3109.00
3671.00  3109.00
3671.00  3109.00
3671.00  3124.00
3671.00  3124.00
3673.00  3124.00
3673.00  3124.00
3673.00  3109.00
3673.00  3109.00
3649.00  3109.00
3649.00  3109.00
3649.00  3066.00
3649.00  3066.00
3631.00  3066.00
3631.00  3066.00
3631.00  3062.00
3631.00  3062.00
3640.00  3062.00
3640.00  3062.00
3640.00  3074.00
3640.00  3074.00
3648.00  3074.00
3648.00  3074.00
3648.00  3070.00
3648.00  3070.00
3653.00  3070.00
3653.00  3070.00
3653.00  3087.00
3653.00  3087.00
3661.00  3087.00
3661.00  3087.00
3661.00  3085.00
3661.00  3085.00
3660.00  3085.00
3660.00  3085.00
3660.00  3093.00
3660.00  3093.00
3655.00  3093.00
3655.00  3093.00
3655.00  3094.00
3655.00  3094.00
3655.00  3094.00
3655.00  3094.00
3655.00  3106.00
3655.00  3106.00
3662.00  3106.00
3662.00  3106.00
3662.00  3107.00
3662.00  3107.00
3667.00  3107.00
3667.00  3107.00
3667.00  3118.00
3667.00  3118.00
3674.00  3118.00
3674.00  3118.00
3674.00  3117.00
3674.00  3117.00
3673.00  3117.00
3673.00  3117.00
3673.00  3100.00
3673.00  3100.00
3637.00  3100.00
3637.00  3100.00
3637.00  3061.00
3637.00  3061.00
3622.00  3061.00
3622.00  3061.00
3622.00  3068.00
3622.00  3068.00
3632.00  3068.00
3632.00  3068.00
3632.00  3086.00
3632.00  3086.00
3641.00  3086.00
3641.00  3086.00
3641.00  3089.00
3641.00  3089.00
3644.00  3089.00
3644.00  3089.00
3644.00  3097.00
3644.00  3097.00
3651.00  3097.00
3651.00  3097.00
3651.00  3095.00
3651.00  3095.00
3659.00  3095.00
3659.00  3095.00
3659.00  3105.00
3659.00  3105.00
3659.00  3105.00
3659.00  3105.00
3659.00  3103.00
3659.00  3103.00
3666.00  3103.00
3666.00  3103.00
3666.00  3114.00
3666.00  3114.00
3662.00  3114.00
3662.00  3114.00
3662.00  3123.00
3662.00  3123.00
3668.00  3123.00
3668.00  3123.00
3668.00  3131.00
3668.00  3131.00
3671.00  3131.00
3671.00  3131.00
3671.00  3108.00
3671.00  3108.00
3642.00  3108.00
3642.00  3108.00
3642.00  3076.00
3642.00  3076.00
3633.00  3076.00
3633.00  3076.00
3633.00  3078.00
3633.00  3078.00
3646.00  3078.00
3646.00  3078.00
3646.00  3094.00
3646.00  3094.00
3654.00  3094.00
3654.00  3094.00
3654.00  3101.00
3654.00  3101.00
3662.00  3101.00
3662.00  3101.00
3662.00  3113.00
3662.00  3113.00
3656.00  3113.00
3656.00  3113.00
3656.00  3108.00
3656.00  3108.00
3648.00  3108.00
3648.00  3108.00
3648.00  3110.00
3648.00  3110.00
3654.00  3110.00
3654.00  3110.00
3654.00  3123.00
3654.00  3123.00
3664.00  3123.00
3664.00  3123.00
3664.00  3127.00
3664.00  3127.00
3671.00  3127.00
3671.00  3127.00
3671.00  3120.00
3671.00  3120.00
3674.00  3120.00
3674.00  3120.00
3674.00  3117.00
3674.00  3117.00
3646.00  3117.00
3646.00  3117.00
3646.00  3077.00
3646.00  3077.00
3637.00  3077.00
3637.00  3077.00
3637.00  3081.00
