1689.00 1855.00
1693.00 1858.00
1689.00 1850.00
1694.00 1854.00
1688.00 1850.00
1694.00 1852.00
1689.00 1855.00
1691.00 1853.00
1692.00 1857.00
1696.00 1858.00
1697.00 1858.00
1697.00 1858.00
1700.00 1862.00
1698.00 1865.00
1700.00 1864.00
1701.00 1866.00
1700.00 1866.00
1705.00 1861.00
1706.00 1866.00
1705.00 1867.00
1706.00 1868.00
1704.00 1870.00
1709.00 1870.00
1707.00 1871.00
1714.00 1871.00
1709.00 1873.00
1711.00 1875.00
1714.00 1874.00
1715.00 1874.00
1719.00 1876.00
1718.00 1880.00
1719.00 1880.00
1719.00 1881.00
1719.00 1882.00
1723.00 1875.00
1723.00 1880.00
1717.00 1880.00
1716.00 1877.00
1712.00 1876.00
1709.00 1877.00
1713.00 1878.00
1714.00 1876.00
1714.00 1877.00
1716.00 1878.00
1716.00 1880.00
1719.00 1876.00
1721.00 1876.00
1718.00 1877.00
1722.00 1873.00
1719.00 1879.00
1719.00 1874.00
1717.00 1878.00
1717.00 1876.00
1721.00 1877.00
1721.00 1880.00
1721.00 1879.00
1718.00 1878.00
1724.00 1874.00
1720.00 1877.00
1731.00 1881.00
1726.00 1881.00
1727.00 1878.00
1731.00 1883.00
1728.00 1876.00
1728.00 1880.00
1732.00 1883.00
1728.00 1885.00
1732.00 1883.00
1735.00 1883.00
1730.00 1881.00
1723.00 1879.00
1724.00 1877.00
1727.00 1880.00
1726.00 1878.00
1728.00 1875.00
1731.00 1878.00
1730.00 1879.00
1732.00 1879.00
1734.00 1886.00
1733.00 1884.00
1735.00 1880.00
1736.00 1880.00
1733.00 1882.00
1730.00 1880.00
1734.00 1882.00
1739.00 1885.00
1736.00 1887.00
1738.00 1885.00
1742.00 1890.00
1740.00 1886.00
1739.00 1887.00
1743.00 1888.00
1743.00 1883.00
1742.00 1888.00
1743.00 1889.00
1749.00 1891.00
1743.00 1888.00
1747.00 1891.00
1744.00 1892.00
1745.00 1893.00
1749.00 1891.00
1748.00 1889.00
1742.00 1889.00
1740.00 1888.00
1739.00 1889.00
1742.00 1891.00
1743.00 1886.00
1742.00 1894.00
1743.00 1893.00
1745.00 1890.00
1746.00 1889.00
1750.00 1893.00
1748.00 1891.00
1751.00 1892.00
1750.00 1892.00
1750.00 1893.00
1742.00 1892.00
1748.00 1893.00
1752.00 1893.00
1750.00 1897.00
1750.00 1895.00
1752.00 1896.00
1758.00 1898.00
1752.00 1896.00
1754.00 1895.00
1756.00 1892.00
1751.00 1900.00
1755.00 1899.00
1753.00 1896.00
1755.00 1898.00
1758.00 1901.00
1757.00 1901.00
1757.00 1897.00
1752.00 1897.00
1750.00 1896.00
1748.00 1894.00
1748.00 1900.00
1749.00 1899.00
1756.00 1905.00
1753.00 1900.00
1756.00 1899.00
1756.00 1900.00
1755.00 1902.00
1758.00 1900.00
1759.00 1903.00
1759.00 1898.00
1755.00 1903.00
1761.00 1901.00
1761.00 1900.00
1757.00 1905.00
1761.00 1906.00
1758.00 1907.00
1761.00 1904.00
1765.00 1901.00
1761.00 1904.00
1764.00 1904.00
1765.00 1902.00
1765.00 1911.00
1768.00 1910.00
1764.00 1907.00
1765.00 1912.00
1767.00 1904.00
1765.00 1905.00
1768.00 1905.00
1765.00 1905.00
1756.00 1899.00
1757.00 1899.00
1758.00 1905.00
1756.00 1901.00
1763.00 1903.00
1761.00 1905.00
1762.00 1903.00
1760.00 1902.00
1762.00 1903.00
1772.00 1900.00
1765.00 1907.00
1768.00 1906.00
1767.00 1904.00
1767.00 1903.00
1764.00 1901.00
1763.00 1905.00
1764.00 1901.00
1765.00 1906.00
1767.00 1904.00
1770.00 1907.00
1771.00 1908.00
1769.00 1903.00
1769.00 1904.00
1767.00 1902.00
1773.00 1903.00
1773.00 1903.00
1768.00 1905.00
1773.00 1908.00
1774.00 1907.00
1773.00 1902.00
1768.00 1902.00
1767.00 1899.00
1763.00 1899.00
1763.00 1898.00
1761.00 1898.00
1765.00 1903.00
1765.00 1904.00
1767.00 1905.00
1766.00 1908.00
1768.00 1908.00
1769.00 1908.00
1767.00 1901.00
1766.00 1900.00
1769.00 1904.00
1763.00 1902.00
1768.00 1904.00
1767.00 1906.00
1769.00 1904.00
1768.00 1905.00
1773.00 1902.00
1771.00 1904.00
1770.00 1901.00
1772.00 1906.00
1771.00 1909.00
1769.00 1908.00
1773.00 1910.00
1770.00 1907.00
1773.00 1906.00
1774.00 1905.00
1772.00 1909.00
1775.00 1912.00
1773.00 1911.00
1773.00 1912.00
1776.00 1906.00
1771.00 1907.00
1769.00 1905.00
1767.00 1901.00
1767.00 1902.00
1766.00 1904.00
1769.00 1904.00
1772.00 1904.00
1769.00 1905.00
1773.00 1907.00
1774.00 1907.00
1773.00 1906.00
1772.00 1907.00
1768.00 1906.00
1767.00 1899.00
1771.00 1904.00
1770.00 1906.00
1768.00 1899.00
1769.00 1899.00
1775.00 1905.00
1775.00 1907.00
1772.00 1907.00
1775.00 1909.00
1777.00 1910.00
1776.00 1907.00
1775.00 1909.00
1779.00 1910.00
1776.00 1910.00
1776.00 1914.00
1776.00 1909.00
1779.00 1913.00
1778.00 1911.00
1775.00 1909.00
1778.00 1911.00
1775.00 1908.00
1772.00 1904.00
1767.00 1900.00
1768.00 1906.00
1766.00 1906.00
1768.00 1905.00
1768.00 1903.00
1773.00 1904.00
1774.00 1900.00
1772.00 1899.00
1768.00 1904.00
1776.00 1901.00
1778.00 1902.00
1772.00 1905.00
1774.00 1905.00
1773.00 1909.00
1772.00 1908.00
1773.00 1909.00
1776.00 1906.00
1775.00 1904.00
1777.00 1904.00
1774.00 1904.00
1777.00 1903.00
1779.00 1906.00
1777.00 1904.00
1776.00 1904.00
1780.00 1907.00
1777.00 1902.00
1776.00 1905.00
1777.00 1905.00
1777.00 1904.00
1778.00 1906.00
1779.00 1911.00
1779.00 1904.00
1774.00 1904.00
1770.00 1900.00
1768.00 1901.00
1769.00 1906.00
1771.00 1898.00
1772.00 1899.00
1772.00 1904.00
1772.00 1902.00
1772.00 1899.00
1774.00 1897.00
1773.00 1904.00
1776.00 1898.00
1779.00 1900.00
1775.00 1896.00
1775.00 1894.00
1775.00 1902.00
1774.00 1897.00
1774.00 1897.00
1774.00 1901.00
1776.00 1898.00
1777.00 1898.00
1780.00 1904.00
1772.00 1901.00
1779.00 1901.00
1778.00 1903.00
1779.00 1905.00
1778.00 1904.00
1782.00 1909.00
1777.00 1905.00
1782.00 1910.00
1783.00 1909.00
1780.00 1902.00
1784.00 1908.00
1774.00 1907.00
1774.00 1905.00
1771.00 1904.00
1771.00 1905.00
1775.00 1903.00
1773.00 1905.00
1776.00 1903.00
1777.00 1908.00
1778.00 1906.00
1776.00 1901.00
1780.00 1905.00
1778.00 1905.00
1779.00 1902.00
1776.00 1903.00
1778.00 1907.00
1777.00 1901.00
1777.00 1906.00
1779.00 1905.00
1781.00 1899.00
1780.00 1906.00
1782.00 1905.00
1777.00 1903.00
1780.00 1901.00
1781.00 1904.00
1780.00 1904.00
1782.00 1904.00
1780.00 1907.00
1781.00 1903.00
1780.00 1905.00
1782.00 1903.00
1784.00 1908.00
1784.00 1909.00
1785.00 1899.00
1784.00 1903.00
1783.00 1907.00
1772.00 1905.00
1776.00 1906.00
1773.00 1901.00
1778.00 1902.00
1775.00 1907.00
1779.00 1904.00
1779.00 1904.00
1782.00 1909.00
1781.00 1905.00
1780.00 1910.00
1778.00 1906.00
1781.00 1906.00
1777.00 1903.00
1778.00 1903.00
1780.00 1905.00
1782.00 1911.00
1781.00 1906.00
1780.00 1906.00
1782.00 1908.00
1785.00 1904.00
1783.00 1909.00
1787.00 1909.00
1785.00 1910.00
1783.00 1910.00
1785.00 1906.00
1784.00 1911.00
1784.00 1911.00
1782.00 1913.00
1788.00 1910.00
1788.00 1912.00
1787.00 1913.00
1789.00 1909.00
1786.00 1910.00
1786.00 1906.00
1778.00 1902.00
1778.00 1902.00
1777.00 1904.00
1775.00 1903.00
1776.00 1898.00
1779.00 1907.00
1780.00 1903.00
1780.00 1906.00
1778.00 1905.00
1781.00 1906.00
1783.00 1905.00
1779.00 1904.00
1779.00 1901.00
1782.00 1899.00
1784.00 1901.00
1781.00 1910.00
1781.00 1903.00
1782.00 1908.00
1786.00 1906.00
1785.00 1904.00
1781.00 1904.00
1787.00 1905.00
1783.00 1906.00
1780.00 1907.00
1785.00 1910.00
1790.00 1908.00
1786.00 1913.00
1787.00 1912.00
1785.00 1909.00
1787.00 1912.00
1787.00 1909.00
1785.00 1911.00
1788.00 1909.00
1786.00 1911.00
1787.00 1910.00
1780.00 1905.00
1778.00 1905.00
1781.00 1907.00
1779.00 1905.00
1773.00 1907.00
1777.00 1906.00
1778.00 1907.00
1786.00 1905.00
1779.00 1907.00
1785.00 1904.00
1781.00 1899.00
1782.00 1903.00
1785.00 1903.00
1783.00 1902.00
1783.00 1907.00
1782.00 1906.00
1781.00 1909.00
1782.00 1908.00
1784.00 1917.00
1784.00 1908.00
1786.00 1908.00
1784.00 1908.00
1787.00 1907.00
1786.00 1899.00
1786.00 1906.00
1789.00 1904.00
1788.00 1907.00
1789.00 1909.00
1790.00 1912.00
1788.00 1906.00
1786.00 1908.00
1788.00 1906.00
1790.00 1908.00
1791.00 1909.00
1789.00 1907.00
1791.00 1914.00
1788.00 1910.00
1780.00 1907.00
1781.00 1903.00
1783.00 1903.00
1779.00 1903.00
1781.00 1905.00
1783.00 1909.00
1783.00 1909.00
1785.00 1909.00
1784.00 1909.00
1785.00 1912.00
1786.00 1907.00
1785.00 1907.00
1789.00 1905.00
1787.00 1907.00
1787.00 1908.00
1788.00 1903.00
1784.00 1902.00
1784.00 1901.00
1789.00 1905.00
1788.00 1901.00
1786.00 1905.00
1788.00 1906.00
1788.00 1907.00
1787.00 1902.00
1791.00 1906.00
1790.00 1907.00
1791.00 1904.00
1792.00 1904.00
1789.00 1902.00
1793.00 1907.00
1790.00 1910.00
1792.00 1907.00
1791.00 1901.00
1793.00 1913.00
1792.00 1909.00
1791.00 1908.00
1786.00 1901.00
1780.00 1902.00
1784.00 1902.00
1788.00 1906.00
1787.00 1902.00
1788.00 1905.00
1787.00 1903.00
1788.00 1908.00
1793.00 1904.00
1789.00 1910.00
1792.00 1904.00
1792.00 1905.00
1788.00 1903.00
1785.00 1905.00
1789.00 1903.00
1787.00 1904.00
1786.00 1903.00
1793.00 1904.00
1790.00 1903.00
1789.00 1904.00
1792.00 1903.00
1792.00 1906.00
1791.00 1903.00
1793.00 1905.00
1795.00 1908.00
1792.00 1907.00
1796.00 1908.00
1794.00 1908.00
1791.00 1912.00
1795.00 1906.00
1793.00 1903.00
1796.00 1906.00
1798.00 1902.00
1797.00 1905.00
1796.00 1903.00
1795.00 1903.00
1788.00 1907.00
1783.00 1898.00
1783.00 1901.00
1792.00 1898.00
1791.00 1902.00
1789.00 1901.00
1792.00 1906.00
1791.00 1903.00
1792.00 1900.00
1792.00 1903.00
1792.00 1905.00
1793.00 1902.00
1792.00 1904.00
1794.00 1904.00
1793.00 1900.00
1792.00 1902.00
1794.00 1906.00
1793.00 1906.00
1795.00 1903.00
1795.00 1900.00
1795.00 1905.00
1795.00 1905.00
1794.00 1903.00
1794.00 1905.00
1793.00 1905.00
1796.00 1905.00
1795.00 1901.00
1793.00 1902.00
1794.00 1903.00
1795.00 1907.00
1792.00 1904.00
1795.00 1905.00
1796.00 1900.00
1800.00 1912.00
1800.00 1907.00
1800.00 1905.00
1800.00 1900.00
1797.00 1900.00
1793.00 1900.00
1789.00 1897.00
1791.00 1898.00
1789.00 1901.00
1793.00 1898.00
1790.00 1901.00
1788.00 1896.00
1790.00 1898.00
1791.00 1903.00
1795.00 1901.00
1793.00 1898.00
1795.00 1903.00
1794.00 1908.00
1797.00 1901.00
1794.00 1905.00
1794.00 1901.00
1794.00 1903.00
1794.00 1898.00
1797.00 1900.00
1797.00 1902.00
1798.00 1904.00
1797.00 1901.00
1799.00 1902.00
1795.00 1910.00
1800.00 1904.00
1797.00 1904.00
1797.00 1903.00
1802.00 1901.00
1800.00 1906.00
1801.00 1900.00
1800.00 1910.00
1802.00 1911.00
1804.00 1912.00
1803.00 1908.00
1804.00 1909.00
1806.00 1910.00
1801.00 1905.00
1802.00 1909.00
1794.00 1899.00
1793.00 1898.00
1792.00 1899.00
1796.00 1898.00
1793.00 1899.00
1800.00 1898.00
1797.00 1902.00
1803.00 1901.00
1794.00 1907.00
1800.00 1902.00
1804.00 1904.00
1798.00 1907.00
1799.00 1904.00
1797.00 1902.00
1796.00 1902.00
1797.00 1904.00
1799.00 1905.00
1801.00 1901.00
1798.00 1905.00
1803.00 1908.00
1803.00 1902.00
1802.00 1908.00
1802.00 1908.00
1801.00 1904.00
1802.00 1911.00
1805.00 1904.00
1803.00 1910.00
1803.00 1906.00
1803.00 1900.00
1804.00 1906.00
1806.00 1905.00
1803.00 1903.00
1808.00 1903.00
1806.00 1903.00
1805.00 1905.00
1803.00 1903.00
1798.00 1900.00
1794.00 1901.00
1794.00 1895.00
1797.00 1896.00
1794.00 1897.00
1799.00 1902.00
1798.00 1897.00
1801.00 1903.00
1802.00 1904.00
1802.00 1903.00
1800.00 1908.00
1798.00 1901.00
1802.00 1902.00
1802.00 1905.00
1804.00 1901.00
1800.00 1903.00
1793.00 1907.00
1804.00 1905.00
1801.00 1903.00
1801.00 1909.00
1801.00 1908.00
1805.00 1909.00
1805.00 1906.00
1806.00 1911.00
1804.00 1905.00
1802.00 1908.00
1806.00 1907.00
1803.00 1908.00
1806.00 1910.00
1806.00 1906.00
1805.00 1908.00
1807.00 1913.00
1804.00 1909.00
1805.00 1907.00
1810.00 1904.00
1805.00 1907.00
1803.00 1907.00
1800.00 1902.00
1801.00 1902.00
1796.00 1901.00
1799.00 1901.00
1801.00 1901.00
1800.00 1902.00
1798.00 1900.00
1799.00 1905.00
1801.00 1912.00
1804.00 1910.00
1801.00 1908.00
1803.00 1903.00
1804.00 1905.00
1801.00 1906.00
1802.00 1908.00
1804.00 1904.00
1801.00 1904.00
1801.00 1906.00
1800.00 1908.00
1800.00 1905.00
1802.00 1902.00
1803.00 1910.00
1805.00 1904.00
1805.00 1906.00
1804.00 1907.00
1802.00 1905.00
1808.00 1903.00
1806.00 1907.00
1807.00 1906.00
1808.00 1910.00
1810.00 1908.00
1808.00 1903.00
1810.00 1905.00
1809.00 1907.00
1809.00 1910.00
1804.00 1903.00
1804.00 1900.00
1799.00 1893.00
1795.00 1901.00
1799.00 1898.00
1797.00 1898.00
1797.00 1902.00
1800.00 1904.00
1802.00 1902.00
1803.00 1905.00
1804.00 1904.00
1806.00 1904.00
1805.00 1901.00
1803.00 1901.00
1807.00 1906.00
1803.00 1903.00
1804.00 1904.00
1803.00 1897.00
1804.00 1903.00
1804.00 1899.00
1806.00 1898.00
1801.00 1905.00
1804.00 1901.00
1806.00 1902.00
1801.00 1906.00
1803.00 1904.00
1804.00 1902.00
1807.00 1901.00
1805.00 1904.00
1804.00 1908.00
1804.00 1905.00
1806.00 1903.00
1809.00 1904.00
1809.00 1904.00
1810.00 1900.00
1807.00 1902.00
1804.00 1901.00
1807.00 1900.00
1797.00 1896.00
1800.00 1896.00
1800.00 1901.00
1801.00 1901.00
1802.00 1903.00
1804.00 1907.00
1803.00 1904.00
1804.00 1908.00
1807.00 1908.00
1808.00 1906.00
1806.00 1906.00
1801.00 1902.00
1804.00 1897.00
1807.00 1899.00
1807.00 1904.00
1802.00 1899.00
1807.00 1899.00
1807.00 1901.00
1807.00 1910.00
1809.00 1904.00
1806.00 1902.00
1808.00 1912.00
1808.00 1906.00
1808.00 1907.00
1806.00 1901.00
1807.00 1901.00
1808.00 1903.00
1807.00 1908.00
1805.00 1900.00
1811.00 1908.00
1809.00 1906.00
1809.00 1902.00
1806.00 1900.00
1801.00 1899.00
1797.00 1899.00
1798.00 1899.00
1802.00 1900.00
1805.00 1904.00
1800.00 1905.00
1803.00 1902.00
1807.00 1905.00
1807.00 1903.00
1809.00 1904.00
1804.00 1902.00
1803.00 1903.00
1804.00 1903.00
1806.00 1899.00
1803.00 1898.00
1804.00 1896.00
1802.00 1901.00
1805.00 1902.00
1808.00 1900.00
1806.00 1898.00
1804.00 1901.00
1808.00 1901.00
1806.00 1902.00
1803.00 1902.00
1806.00 1900.00
1808.00 1905.00
1810.00 1903.00
1807.00 1905.00
1811.00 1903.00
1807.00 1905.00
1811.00 1906.00
1803.00 1904.00
1800.00 1902.00
1798.00 1903.00
1799.00 1900.00
1799.00 1901.00
1803.00 1903.00
1800.00 1901.00
1802.00 1901.00
1805.00 1900.00
1805.00 1899.00
1800.00 1901.00
1806.00 1902.00
1804.00 1896.00
1799.00 1900.00
1798.00 1899.00
1799.00 1900.00
1801.00 1897.00
1803.00 1903.00
1802.00 1899.00
1803.00 1901.00
1802.00 1902.00
1805.00 1900.00
1805.00 1902.00
1803.00 1903.00
1806.00 1905.00
1803.00 1902.00
1806.00 1900.00
1802.00 1900.00
1805.00 1904.00
1803.00 1899.00
1807.00 1898.00
1802.00 1897.00
1802.00 1893.00
1799.00 1894.00
1795.00 1895.00
1794.00 1895.00
1796.00 1897.00
1799.00 1892.00
1796.00 1897.00
1798.00 1894.00
1798.00 1897.00
1798.00 1899.00
1797.00 1897.00
1799.00 1897.00
1799.00 1895.00
1799.00 1902.00
1798.00 1901.00
1800.00 1899.00
1803.00 1898.00
1801.00 1896.00
1802.00 1901.00
1802.00 1906.00
1806.00 1901.00
1800.00 1905.00
1802.00 1897.00
1804.00 1900.00
1804.00 1894.00
1805.00 1897.00
1801.00 1896.00
1801.00 1898.00
1804.00 1903.00
1806.00 1899.00
1806.00 1901.00
1808.00 1902.00
1805.00 1901.00
1808.00 1895.00
1806.00 1898.00
1799.00 1895.00
1798.00 1893.00
1796.00 1895.00
1796.00 1891.00
1798.00 1897.00
1797.00 1897.00
1802.00 1895.00
1805.00 1896.00
1800.00 1896.00
1801.00 1893.00
1802.00 1896.00
1802.00 1897.00
1803.00 1897.00
1799.00 1890.00
1799.00 1898.00
1802.00 1892.00
1799.00 1895.00
1804.00 1891.00
1800.00 1894.00
1802.00 1895.00
1803.00 1896.00
1800.00 1892.00
1802.00 1892.00
1803.00 1896.00
1806.00 1894.00
1802.00 1895.00
1801.00 1893.00
1801.00 1897.00
1803.00 1895.00
1805.00 1899.00
1805.00 1900.00
1804.00 1894.00
1804.00 1895.00
1798.00 1890.00
1797.00 1889.00
1796.00 1890.00
1791.00 1888.00
1797.00 1885.00
1799.00 1887.00
1797.00 1894.00
1802.00 1890.00
1802.00 1891.00
1802.00 1885.00
1800.00 1888.00
1802.00 1894.00
1800.00 1891.00
1795.00 1889.00
1799.00 1894.00
1802.00 1891.00
1800.00 1896.00
1804.00 1891.00
1802.00 1892.00
1800.00 1894.00
1800.00 1891.00
1801.00 1890.00
1801.00 1890.00
1803.00 1895.00
1804.00 1893.00
1808.00 1895.00
1802.00 1895.00
1803.00 1895.00
1804.00 1892.00
1808.00 1895.00
1807.00 1890.00
1804.00 1895.00
1805.00 1891.00
1806.00 1897.00
1807.00 1897.00
1799.00 1895.00
1799.00 1892.00
1796.00 1888.00
1797.00 1890.00
1796.00 1887.00
1802.00 1887.00
1801.00 1889.00
1799.00 1888.00
1799.00 1888.00
1802.00 1885.00
1801.00 1890.00
1799.00 1889.00
1802.00 1889.00
1801.00 1889.00
1799.00 1894.00
1802.00 1889.00
1800.00 1892.00
1802.00 1893.00
1804.00 1892.00
1808.00 1893.00
1803.00 1888.00
1806.00 1890.00
1806.00 1893.00
1802.00 1891.00
1804.00 1895.00
1807.00 1890.00
1803.00 1893.00
1805.00 1890.00
1803.00 1895.00
1806.00 1892.00
1804.00 1896.00
1804.00 1896.00
1808.00 1893.00
1809.00 1889.00
1808.00 1890.00
1801.00 1886.00
1797.00 1886.00
1797.00 