1104.00 1649.00
1104.00 1655.00
1106.00 1655.00
1104.00 1659.00
1109.00 1661.00
1108.00 1658.00
1106.00 1662.00
1106.00 1659.00
1108.00 1642.00
1094.00 1645.00
1097.00 1650.00
1096.00 1647.00
1097.00 1641.00
1092.00 1643.00
1099.00 1645.00
1095.00 1646.00
1100.00 1648.00
1098.00 1646.00
1100.00 1647.00
1102.00 1648.00
1099.00 1649.00
1100.00 1649.00
1103.00 1651.00
1100.00 1650.00
1101.00 1655.00
1103.00 1652.00
1104.00 1655.00
1108.00 1654.00
1107.00 1651.00
1105.00 1652.00
1104.00 1654.00
1109.00 1655.00
1108.00 1657.00
1106.00 1656.00
1106.00 1660.00
1111.00 1659.00
1112.00 1658.00
1111.00 1659.00
1111.00 1656.00
1104.00 1652.00
1098.00 1650.00
1097.00 1645.00
1094.00 1638.00
1096.00 1643.00
1094.00 1650.00
1099.00 1651.00
1099.00 1651.00
1095.00 1645.00
1096.00 1645.00
1094.00 1646.00
1097.00 1644.00
1096.00 1643.00
1096.00 1644.00
1099.00 1646.00
1097.00 1647.00
1100.00 1647.00
1099.00 1649.00
1101.00 1650.00
1102.00 1650.00
1102.00 1653.00
1103.00 1655.00
1104.00 1653.00
1105.00 1656.00
1104.00 1654.00
1108.00 1658.00
1104.00 1655.00
1109.00 1657.00
1108.00 1658.00
1109.00 1659.00
1109.00 1661.00
1109.00 1660.00
1111.00 1660.00
1112.00 1662.00
1112.00 1655.00
1108.00 1658.00
1110.00 1650.00
1106.00 1654.00
1099.00 1648.00
1096.00 1642.00
1096.00 1646.00
1099.00 1648.00
1100.00 1650.00
1101.00 1653.00
1098.00 1651.00
1097.00 1648.00
1096.00 1647.00
1101.00 1648.00
1104.00 1656.00
1101.00 1653.00
1100.00 1651.00
1104.00 1651.00
1103.00 1650.00
1106.00 1650.00
1107.00 1652.00
1106.00 1656.00
1104.00 1657.00
1106.00 1654.00
1110.00 1657.00
1112.00 1654.00
1109.00 1659.00
1109.00 1660.00
1113.00 1655.00
1111.00 1651.00
1110.00 1654.00
1111.00 1654.00
1107.00 1653.00
1113.00 1653.00
1111.00 1654.00
1115.00 1651.00
1114.00 1658.00
1109.00 1650.00
1109.00 1649.00
1105.00 1646.00
1095.00 1642.00
1099.00 1638.00
1095.00 1641.00
1099.00 1639.00
1107.00 1639.00
1101.00 1642.00
1103.00 1644.00
1098.00 1643.00
1099.00 1640.00
1105.00 1640.00
1099.00 1643.00
1102.00 1641.00
1098.00 1639.00
1104.00 1645.00
1101.00 1643.00
1102.00 1642.00
1110.00 1644.00
1105.00 1643.00
1105.00 1645.00
1110.00 1649.00
1103.00 1648.00
1109.00 1645.00
1109.00 1645.00
1109.00 1651.00
1110.00 1649.00
1109.00 1653.00
1108.00 1652.00
1108.00 1653.00
1110.00 1653.00
1111.00 1656.00
1111.00 1651.00
1107.00 1647.00
1103.00 1641.00
1097.00 1634.00
1097.00 1640.00
1096.00 1638.00
1093.00 1638.00
1099.00 1642.00
1101.00 1639.00
1100.00 1639.00
1098.00 1639.00
1094.00 1639.00
1098.00 1639.00
1096.00 1641.00
1097.00 1641.00
1099.00 1639.00
1100.00 1637.00
1101.00 1639.00
1101.00 1642.00
1100.00 1638.00
1099.00 1645.00
1102.00 1643.00
1104.00 1643.00
1106.00 1642.00
1103.00 1645.00
1101.00 1644.00
1106.00 1641.00
1105.00 1643.00
1105.00 1644.00
1109.00 1643.00
1106.00 1645.00
1108.00 1649.00
1108.00 1645.00
1105.00 1647.00
1112.00 1648.00
1112.00 1649.00
1108.00 1652.00
1110.00 1646.00
1106.00 1648.00
1104.00 1637.00
1097.00 1633.00
1094.00 1635.00
1096.00 1628.00
1096.00 1635.00
1097.00 1634.00
1097.00 1634.00
1099.00 1635.00
1096.00 1636.00
1096.00 1633.00
1102.00 1634.00
1098.00 1637.00
1099.00 1636.00
1102.00 1637.00
1100.00 1636.00
1096.00 1639.00
1098.00 1640.00
1101.00 1640.00
1103.00 1640.00
1106.00 1640.00
1103.00 1645.00
1107.00 1642.00
1102.00 1643.00
1108.00 1643.00
1105.00 1645.00
1107.00 1645.00
1111.00 1650.00
1110.00 1648.00
1109.00 1648.00
1110.00 1651.00
1113.00 1646.00
1112.00 1647.00
1112.00 1652.00
1112.00 1650.00
1112.00 1651.00
1110.00 1650.00
1111.00 1646.00
1106.00 1643.00
1102.00 1639.00
1101.00 1638.00
1095.00 1635.00
1101.00 1640.00
1104.00 1643.00
1104.00 1640.00
1103.00 1642.00
1103.00 1640.00
1103.00 1637.00
1104.00 1639.00
1103.00 1641.00
1101.00 1642.00
1104.00 1642.00
1106.00 1640.00
1105.00 1639.00
1107.00 1641.00
1109.00 1645.00
1108.00 1644.00
1109.00 1647.00
1108.00 1650.00
1111.00 1654.00
1114.00 1650.00
1112.00 1647.00
1112.00 1651.00
1113.00 1652.00
1113.00 1650.00
1110.00 1655.00
1114.00 1655.00
1113.00 1649.00
1117.00 1649.00
1117.00 1652.00
1116.00 1652.00
1117.00 1650.00
1113.00 1652.00
1113.00 1647.00
1109.00 1644.00
1106.00 1638.00
1105.00 1636.00
1101.00 1639.00
1101.00 1643.00
1106.00 1639.00
1106.00 1643.00
1105.00 1641.00
1105.00 1643.00
1103.00 1641.00
1107.00 1642.00
1111.00 1644.00
1111.00 1648.00
1109.00 1642.00
1104.00 1641.00
1107.00 1647.00
1112.00 1646.00
1107.00 1642.00
1106.00 1644.00
1110.00 1648.00
1116.00 1643.00
1113.00 1647.00
1112.00 1644.00
1113.00 1644.00
1116.00 1648.00
1113.00 1645.00
1116.00 1644.00
1113.00 1647.00
1116.00 1647.00
1116.00 1649.00
1118.00 1652.00
1116.00 1648.00
1118.00 1646.00
1114.00 1641.00
1111.00 1634.00
1103.00 1633.00
1106.00 1640.00
1105.00 1636.00
1108.00 1639.00
1107.00 1642.00
1108.00 1638.00
1108.00 1640.00
1108.00 1642.00
1110.00 1640.00
1108.00 1645.00
1109.00 1642.00
1110.00 1641.00
1108.00 1640.00
1110.00 1640.00
1110.00 1642.00
1110.00 1644.00
1109.00 1641.00
1111.00 1643.00
1116.00 1640.00
1113.00 1641.00
1116.00 1641.00
1113.00 1646.00
1119.00 1646.00
1117.00 1644.00
1117.00 1645.00
1116.00 1646.00
1115.00 1647.00
1119.00 1645.00
1119.00 1650.00
1117.00 1649.00
1115.00 1645.00
1116.00 1644.00
1110.00 1636.00
1106.00 1633.00
1103.00 1632.00
1103.00 1639.00
1106.00 1636.00
1107.00 1638.00
1110.00 1638.00
1107.00 1631.00
1109.00 1632.00
1102.00 1632.00
1111.00 1635.00
1112.00 1635.00
1106.00 1634.00
1111.00 1641.00
1112.00 1637.00
1112.00 1640.00
1107.00 1642.00
1114.00 1645.00
1111.00 1647.00
1112.00 1643.00
1115.00 1646.00
1111.00 1645.00
1113.00 1649.00
1118.00 1647.00
1114.00 1644.00
1113.00 1647.00
1120.00 1648.00
1114.00 1644.00
1117.00 1645.00
1118.00 1645.00
1116.00 1642.00
1118.00 1643.00
1119.00 1649.00
1114.00 1645.00
1113.00 1636.00
1108.00 1631.00
1105.00 1631.00
1106.00 1633.00
1104.00 1640.00
1105.00 1641.00
1106.00 1637.00
1107.00 1633.00
1107.00 1637.00
1105.00 1635.00
1107.00 1637.00
1106.00 1637.00
1112.00 1637.00
1107.00 1636.00
1109.00 1637.00
1109.00 1638.00
1108.00 1638.00
1111.00 1635.00
1111.00 1638.00
1115.00 1638.00
1112.00 1639.00
1110.00 1643.00
1114.00 1645.00
1114.00 1645.00
1114.00 1642.00
1115.00 1642.00
1115.00 1642.00
1117.00 1645.00
1117.00 1648.00
1117.00 1644.00
1119.00 1644.00
1119.00 1646.00
1123.00 1646.00
1117.00 1645.00
1114.00 1643.00
1111.00 1637.00
1110.00 1634.00
1103.00 1631.00
1107.00 1630.00
1104.00 1634.00
1109.00 1633.00
1105.00 1632.00
1107.00 1635.00
1110.00 1641.00
1106.00 1638.00
1106.00 1637.00
1109.00 1640.00
1110.00 1639.00
1110.00 1639.00
1112.00 1639.00
1109.00 1643.00
1109.00 1639.00
1111.00 1639.00
1112.00 1645.00
1113.00 1642.00
1112.00 1639.00
1118.00 1641.00
1115.00 1643.00
1114.00 1640.00
1119.00 1642.00
1116.00 1649.00
1120.00 1642.00
1118.00 1648.00
1119.00 1646.00
1120.00 1648.00
1118.00 1644.00
1121.00 1649.00
1119.00 1649.00
1121.00 1652.00
1121.00 1651.00
1119.00 1648.00
1121.00 1644.00
1116.00 1641.00
1110.00 1637.00
1106.00 1636.00
1110.00 1636.00
1112.00 1637.00
1109.00 1640.00
1110.00 1640.00
1111.00 1640.00
1110.00 1639.00
1107.00 1641.00
1111.00 1639.00
1112.00 1638.00
1113.00 1637.00
1112.00 1638.00
1112.00 1639.00
1115.00 1639.00
1111.00 1639.00
1113.00 1641.00
1116.00 1641.00
1111.00 1640.00
1116.00 1642.00
1115.00 1645.00
1117.00 1642.00
1120.00 1641.00
1119.00 1644.00
1122.00 1645.00
1119.00 1644.00
1118.00 1641.00
1120.00 1645.00
1121.00 1644.00
1119.00 1646.00
1125.00 1646.00
1122.00 1649.00
1120.00 1646.00
1121.00 1643.00
1119.00 1641.00
1114.00 1639.00
1112.00 1633.00
1108.00 1636.00
1104.00 1634.00
1106.00 1634.00
1111.00 1640.00
1107.00 1639.00
1110.00 1635.00
1107.00 1635.00
1110.00 1634.00
1110.00 1636.00
1112.00 1633.00
1116.00 1632.00
1110.00 1638.00
1113.00 1637.00
1109.00 1639.00
1111.00 1636.00
1110.00 1643.00
1112.00 1640.00
1113.00 1643.00
1114.00 1641.00
1116.00 1641.00
1116.00 1648.00
1112.00 1642.00
1117.00 1644.00
1115.00 1645.00
1116.00 1649.00
1117.00 1646.00
1121.00 1645.00
1118.00 1645.00
1118.00 1649.00
1116.00 1650.00
1118.00 1651.00
1119.00 1650.00
1117.00 1644.00
1116.00 1641.00
1112.00 1636.00
1108.00 1640.00
1107.00 1637.00
1104.00 1636.00
1109.00 1640.00
1109.00 1639.00
1111.00 1641.00
1107.00 1638.00
1105.00 1634.00
1105.00 1642.00
1106.00 1639.00
1109.00 1639.00
1112.00 1644.00
1108.00 1643.00
1109.00 1647.00
1112.00 1642.00
1112.00 1651.00
1115.00 1644.00
1109.00 1642.00
1115.00 1644.00
1110.00 1642.00
1115.00 1644.00
1115.00 1648.00
1117.00 1644.00
1117.00 1648.00
1117.00 1652.00
1116.00 1652.00
1120.00 1650.00
1118.00 1652.00
1118.00 1654.00
1117.00 1653.00
1117.00 1651.00
1119.00 1653.00
1117.00 1650.00
1121.00 1654.00
1118.00 1650.00
1119.00 1644.00
1110.00 1642.00
1107.00 1637.00
1106.00 1637.00
1106.00 1635.00
1109.00 1641.00
1105.00 1637.00
1104.00 1636.00
1104.00 1636.00
1105.00 1638.00
1108.00 1636.00
1109.00 1643.00
1111.00 1645.00
1111.00 1638.00
1107.00 1650.00
1111.00 1650.00
1109.00 1650.00
1111.00 1647.00
1107.00 1645.00
1111.00 1647.00
1109.00 1649.00
1108.00 1646.00
1110.00 1653.00
1112.00 1655.00
1112.00 1652.00
1113.00 1648.00
1112.00 1653.00
1110.00 1650.00
1117.00 1651.00
1110.00 1653.00
1113.00 1655.00
1113.00 1653.00
1115.00 1649.00
1114.00 1657.00
1113.00 1654.00
1114.00 1651.00
1111.00 1648.00
1108.00 1641.00
1099.00 1639.00
1098.00 1637.00
1099.00 1634.00
1100.00 1635.00
1101.00 1636.00
1101.00 1643.00
1103.00 1642.00
1103.00 1640.00
1097.00 1646.00
1103.00 1644.00
1106.00 1644.00
1106.00 1645.00
1104.00 1640.00
1107.00 1642.00
1102.00 1643.00
1104.00 1644.00
1105.00 1647.00
1111.00 1646.00
1105.00 1649.00
1107.00 1652.00
1108.00 1650.00
1108.00 1649.00
1107.00 1651.00
1108.00 1647.00
1111.00 1647.00
1109.00 1651.00
1108.00 1650.00
1109.00 1645.00
1106.00 1650.00
1109.00 1642.00
1110.00 1648.00
1107.00 1649.00
1111.00 1651.00
1109.00 1645.00
1108.00 1643.00
1103.00 1637.00
1098.00 1634.00
1098.00 1636.00
1097.00 1636.00
1099.00 1633.00
1101.00 1639.00
1103.00 1635.00
1103.00 1636.00
1099.00 1637.00
1100.00 1639.00
1102.00 1642.00
1104.00 1645.00
1105.00 1645.00
1105.00 1647.00
1106.00 1644.00
1103.00 1647.00
1108.00 1647.00
1104.00 1653.00
1106.00 1652.00
1107.00 1648.00
1110.00 1649.00
1109.00 1650.00
1107.00 1652.00
1113.00 1651.00
1108.00 1650.00
1112.00 1652.00
1111.00 1647.00
1112.00 1654.00
1110.00 1655.00
1110.00 1657.00
1115.00 1655.00
1115.00 1655.00
1115.00 1659.00
1115.00 1656.00
1115.00 1657.00
1115.00 1655.00
1111.00 1648.00
1110.00 1647.00
1100.00 1644.00
1097.00 1641.00
1098.00 1642.00
1100.00 1646.00
1103.00 1646.00
1099.00 1646.00
1102.00 1645.00
1104.00 1645.00
1103.00 1644.00
1100.00 1645.00
1104.00 1648.00
1106.00 1646.00
1102.00 1647.00
1103.00 1648.00
1106.00 1644.00
1107.00 1650.00
1108.00 1653.00
1108.00 1654.00
1110.00 1655.00
1111.00 1656.00
1113.00 1656.00
1112.00 1654.00
1110.00 1656.00
1115.00 1661.00
1115.00 1661.00
1117.00 1657.00
1113.00 1657.00
1117.00 1659.00
1118.00 1657.00
1119.00 1656.00
1116.00 1652.00
1120.00 1658.00
1117.00 1662.00
1121.00 1656.00
1116.00 1654.00
1112.00 1651.00
1110.00 1643.00
1108.00 1644.00
1105.00 1644.00
1106.00 1650.00
1108.00 1649.00
1110.00 1650.00
1111.00 1652.00
1112.00 1652.00
1110.00 1650.00
1111.00 1650.00
1112.00 1648.00
1110.00 1650.00
1114.00 1652.00
1112.00 1654.00
1114.00 1653.00
1115.00 1655.00
1116.00 1658.00
1117.00 1653.00
1113.00 1654.00
1115.00 1657.00
1119.00 1658.00
1119.00 1657.00
1118.00 1656.00
1124.00 1659.00
1121.00 1657.00
1123.00 1659.00
1121.00 1659.00
1125.00 1663.00
1126.00 1664.00
1124.00 1664.00
1122.00 1664.00
1128.00 1661.00
1119.00 1656.00
1113.00 1652.00
1111.00 1649.00
1109.00 1645.00
1107.00 1646.00
1109.00 1653.00
1111.00 1651.00
1113.00 1655.00
1111.00 1655.00
1113.00 1652.00
1109.00 1654.00
1111.00 1655.00
1110.00 1652.00
1112.00 1654.00
1117.00 1651.00
1114.00 1653.00
1116.00 1651.00
1114.00 1654.00
1116.00 1654.00
1117.00 1658.00
1115.00 1655.00
1120.00 1657.00
1119.00 1658.00
1117.00 1659.00
1118.00 1657.00
1117.00 1659.00
1120.00 1662.00
1124.00 1660.00
1120.00 1666.00
1122.00 1661.00
1123.00 1659.00
1127.00 1663.00
1122.00 1665.00
1123.00 1664.00
1125.00 1663.00
1124.00 1663.00
1127.00 1662.00
1119.00 1658.00
1113.00 1654.00
1113.00 1651.00
1110.00 1652.00
1114.00 1655.00
1111.00 1652.00
1114.00 1657.00
1112.00 1658.00
1118.00 1651.00
1115.00 1653.00
1113.00 1656.00
1114.00 1659.00
1112.00 1657.00
1113.00 1656.00
1116.00 1658.00
1114.00 1651.00
1118.00 1652.00
1116.00 1653.00
1120.00 1656.00
1118.00 1657.00
1123.00 1656.00
1123.00 1658.00
1124.00 1658.00
1123.00 1658.00
1121.00 1660.00
1123.00 1658.00
1123.00 1661.00
1128.00 1654.00
1124.00 1663.00
1125.00 1661.00
1124.00 1662.00
1129.00 1660.00
1128.00 1666.00
1126.00 1660.00
1124.00 1660.00
1122.00 1651.00
1117.00 1649.00
1112.00 1651.00
1113.00 1646.00
1113.00 1648.00
1117.00 1647.00
1117.00 1652.00
1117.00 1648.00
1112.00 1646.00
1115.00 1653.00
1116.00 1648.00
1114.00 1648.00
1117.00 1653.00
1117.00 1649.00
1112.00 1653.00
1117.00 1652.00
1118.00 1653.00
1116.00 1654.00
1118.00 1661.00
1118.00 1659.00
1119.00 1661.00
1119.00 1659.00
1121.00 1662.00
1121.00 1668.00
1122.00 1661.00
1123.00 1660.00
1122.00 1658.00
1120.00 1656.00
1121.00 1657.00
1125.00 1655.00
1120.00 1662.00
1123.00 1656.00
1119.00 1661.00
1116.00 1656.00
1115.00 1651.00
1105.00 1648.00
1108.00 1647.00
1112.00 1652.00
1112.00 1649.00
1110.00 1657.00
1109.00 1652.00
1109.00 1653.00
1112.00 1654.00
1109.00 1652.00
1112.00 1653.00
1113.00 1651.00
1114.00 1654.00
1113.00 1657.00
1115.00 1656.00
1112.00 1654.00
1111.00 1650.00
1116.00 1659.00
1120.00 1657.00
1115.00 1662.00
1118.00 1661.00
1114.00 1661.00
1119.00 1663.00
1117.00 1662.00
1116.00 1657.00
1121.00 1661.00
1119.00 1661.00
1121.00 1662.00
1118.00 1670.00
1122.00 1664.00
1122.00 1667.00
1118.00 1665.00
1120.00 1661.00
1116.00 1661.00
1111.00 1650.00
1106.00 1650.00
1105.00 1652.00
1104.00 1658.00
1109.00 1655.00
1106.00 1654.00
1109.00 1654.00
1108.00 1652.00
1104.00 1651.00
1110.00 1652.00
1110.00 1653.00
1109.00 1657.00
1108.00 1654.00
1113.00 1652.00
1109.00 1651.00
1112.00 1654.00
1109.00 1657.00
1114.00 1657.00
1114.00 1660.00
1113.00 1656.00
1117.00 1658.00
1115.00 1662.00
1110.00 1662.00
1113.00 1662.00
1113.00 1656.00
1115.00 1662.00
1114.00 1662.00
1117.00 1659.00
1117.00 1663.00
1115.00 1663.00
1117.00 1665.00
1121.00 1659.00
1120.00 1667.00
1120.00 1660.00
1121.00 1661.00
1117.00 1661.00
1112.00 1658.00
1105.00 1654.00
1104.00 1652.00
1103.00 1649.00
1107.00 1651.00
1104.00 1650.00
1107.00 1650.00
1107.00 1651.00
1106.00 1650.00
1104.00 1651.00
1104.00 1652.00
1110.00 1653.00
1106.00 1651.00
1109.00 1654.00
1110.00 1650.00
1109.00 1653.00
1109.00 1659.00
1109.00 1652.00
1107.00 1657.00
1113.00 1651.00
1113.00 1656.00
1111.00 1656.00
1114.00 1665.00
1111.00 1656.00
1115.00 1657.00
1116.00 1662.00
1117.00 1663.00
1114.00 1665.00
1116.00 1661.00
1116.00 1662.00
1115.00 1658.00
1122.00 1658.00
1117.00 1661.00
1115.00 1662.00
1119.00 1660.00
1118.00 1660.00
1115.00 1655.00
1103.00 1647.00
1106.00 1653.00
1104.00 1648.00
1101.00 1650.00
1106.00 1648.00
1107.00 1649.00
1106.00 1650.00
1106.00 1651.00
1105.00 1653.00
1107.00 1658.00
1109.00 1651.00
1108.00 1653.00
1108.00 1650.00
1107.00 1651.00
1110.00 1653.00
1109.00 1649.00
1108.00 1654.00
1107.00 1655.00
1112.00 1655.00
1110.00 1656.00
1111.00 1653.00
1113.00 1654.00
1115.00 1654.00
1109.00 1660.00
1111.00 1658.00
1113.00 1648.00
1113.00 1653.00
1112.00 1657.00
1115.00 1659.00
1117.00 1656.00
1117.00 1659.00
1113.00 1658.00
1116.00 1656.00
1117.00 1657.00
1114.00 1650.00
1111.00 1647.00
1105.00 1645.00
1101.00 1642.00
1103.00 1640.00
1103.00 1644.00
1103.00 1646.00
1108.00 1649.00
1103.00 1644.00
1103.00 1646.00
1104.00 1649.00
1105.00 1648.00
1106.00 1651.00
1107.00 1646.00
1105.00 1644.00
1106.00 1649.00
1107.00 1649.00
1108.00 1648.00
1110.00 1648.00
1107.00 1652.00
1108.00 1649.00
1110.00 1652.00
1104.00 1661.00
1108.00 1654.00
1111.00 1654.00
1109.00 1653.00
1113.00 1650.00
1112.00 1650.00
1113.00 1652.00
1110.00 1653.00
1112.00 1653.00
1114.00 1655.00
1115.00 1658.00
1115.00 1659.00
1117.00 1655.00
1116.00 1652.00
1116.00 1652.00
1109.00 1642.00
1105.00 1643.00
1101.00 1640.00
1099.00 1633.00
1102.00 1634.00
1100.00 1636.00
1104.00 1636.00
1105.00 1642.00
1100.00 1640.00
1100.00 